# Athena++ data at time=1.200000e+13  cycle=804121962  variables=uov 
# i       x1v         user_out_var0          user_out_var1          user_out_var2          user_out_var3          user_out_var4          user_out_var5      
0002  1.13875e+18  4.91745e+00  3.03478e+04  5.59999e-16  0.00000e+00  0.00000e+00  3.02826e-05
0003  1.15716e+18  1.03218e+01  4.00224e+04  8.70682e-17  0.00000e+00  0.00000e+00  2.93264e-05
0004  1.17558e+18  1.54636e+01  4.91676e+04  4.30157e-17  0.00000e+00  0.00000e+00  2.84148e-05
0005  1.19399e+18  2.23004e+01  6.13414e+04  6.27747e-17  0.00000e+00  0.00000e+00  2.75451e-05
0006  1.21241e+18  3.29236e+01  8.15990e+04  1.03476e-16  0.00000e+00  0.00000e+00  2.67147e-05
0007  1.23082e+18  5.31276e+01  1.23384e+05  1.29047e-16  0.00000e+00  0.00000e+00  2.59213e-05
0008  1.24924e+18  6.27572e+01  1.36872e+05  2.81812e-17  0.00000e+00  0.00000e+00  2.51628e-05
0009  1.26765e+18  6.77536e+01  1.43373e+05  2.26097e-17  0.00000e+00  0.00000e+00  2.44370e-05
0010  1.28607e+18  7.21109e+01  1.48194e+05  2.04176e-17  0.00000e+00  0.00000e+00  2.37422e-05
0011  1.30448e+18  7.54137e+01  1.50867e+05  1.48588e-17  0.00000e+00  0.00000e+00  2.30766e-05
0012  1.32290e+18  7.84609e+01  1.53364e+05  1.49510e-17  0.00000e+00  0.00000e+00  2.24386e-05
0013  1.34131e+18  8.15903e+01  1.55963e+05  1.49570e-17  0.00000e+00  0.00000e+00  2.18267e-05
0014  1.35973e+18  8.47007e+01  1.58586e+05  1.40253e-17  0.00000e+00  0.00000e+00  2.12395e-05
0015  1.37814e+18  8.75322e+01  1.60745e+05  1.22513e-17  0.00000e+00  0.00000e+00  2.06757e-05
0016  1.39656e+18  9.02154e+01  1.62802e+05  1.17374e-17  0.00000e+00  0.00000e+00  2.01340e-05
0017  1.41497e+18  9.28812e+01  1.64893e+05  1.14586e-17  0.00000e+00  0.00000e+00  1.96134e-05
0018  1.43339e+18  9.54909e+01  1.66991e+05  1.02843e-17  0.00000e+00  0.00000e+00  1.91126e-05
0019  1.45180e+18  9.74410e+01  1.67935e+05 -8.00659e-19  0.00000e+00  0.00000e+00  1.86309e-05
0020  1.47022e+18  9.97017e+01  1.69825e+05  1.02703e-17  0.00000e+00  0.00000e+00  1.81671e-05
0021  1.48863e+18  1.02341e+02  1.72119e+05  4.53605e-17  0.00000e+00  0.00000e+00  1.77204e-05
0022  1.50705e+18  1.04374e+02  1.73446e+05  7.54730e-18  0.00000e+00  0.00000e+00  1.72900e-05
0023  1.52546e+18  1.06316e+02  1.75006e+05  8.08458e-18  0.00000e+00  0.00000e+00  1.68750e-05
0024  1.54388e+18  1.08433e+02  1.76771e+05  8.32893e-18  0.00000e+00  0.00000e+00  1.64749e-05
0025  1.56229e+18  1.10560e+02  1.78616e+05  8.09564e-18  0.00000e+00  0.00000e+00  1.60888e-05
0026  1.58071e+18  1.12660e+02  1.80511e+05  7.90186e-18  0.00000e+00  0.00000e+00  1.57161e-05
0027  1.59912e+18  1.14756e+02  1.82480e+05  7.80399e-18  0.00000e+00  0.00000e+00  1.53562e-05
0028  1.61754e+18  1.16871e+02  1.84551e+05  7.77268e-18  0.00000e+00  0.00000e+00  1.50085e-05
0029  1.63595e+18  1.19028e+02  1.86756e+05  7.80382e-18  0.00000e+00  0.00000e+00  1.46726e-05
0030  1.65437e+18  1.21248e+02  1.89129e+05  7.85274e-18  0.00000e+00  0.00000e+00  1.43477e-05
0031  1.67278e+18  1.23486e+02  1.91614e+05  7.56219e-18  0.00000e+00  0.00000e+00  1.40336e-05
0032  1.69120e+18  1.25423e+02  1.93733e+05  6.49706e-18  0.00000e+00  0.00000e+00  1.37296e-05
0033  1.70961e+18  1.26978e+02  1.95486e+05  5.64855e-18  0.00000e+00  0.00000e+00  1.34354e-05
0034  1.72803e+18  1.28256e+02  1.96963e+05  5.18935e-18  0.00000e+00  0.00000e+00  1.31506e-05
0035  1.74644e+18  1.29517e+02  1.98537e+05  5.35143e-18  0.00000e+00  0.00000e+00  1.28747e-05
0036  1.76486e+18  1.30907e+02  2.00318e+05  5.59967e-18  0.00000e+00  0.00000e+00  1.26074e-05
0037  1.78328e+18  1.32413e+02  2.02300e+05  5.74643e-18  0.00000e+00  0.00000e+00  1.23484e-05
0038  1.80169e+18  1.33998e+02  2.04447e+05  5.82367e-18  0.00000e+00  0.00000e+00  1.20973e-05
0039  1.82011e+18  1.35640e+02  2.06741e+05  5.89012e-18  0.00000e+00  0.00000e+00  1.18537e-05
0040  1.83852e+18  1.37298e+02  2.09133e+05  5.83717e-18  0.00000e+00  0.00000e+00  1.16174e-05
0041  1.85694e+18  1.38545e+02  2.11003e+05  4.63116e-18  0.00000e+00  0.00000e+00  1.13882e-05
0042  1.87535e+18  1.39645e+02  2.12691e+05  3.64115e-18  0.00000e+00  0.00000e+00  1.11656e-05
0043  1.89377e+18  1.44253e+02  2.20595e+05  6.68172e-18  0.00000e+00  0.00000e+00  1.09495e-05
0044  1.91218e+18  1.48091e+02  2.27623e+05  1.52666e-17  0.00000e+00  0.00000e+00  1.07396e-05
0045  1.93060e+18  1.44031e+02  2.20261e+05  3.56701e-18  0.00000e+00  0.00000e+00  1.05357e-05
0046  1.94901e+18  1.41913e+02  2.16546e+05  1.24917e-18  0.00000e+00  0.00000e+00  1.03376e-05
0047  1.96743e+18  1.37223e+02  2.09518e+05 -1.86368e-17  0.00000e+00  0.00000e+00  1.01449e-05
0050  1.98584e+18  1.22113e+02  1.90643e+05 -3.92415e-17  0.00000e+00  0.00000e+00  9.95766e-06
0051  2.00426e+18  1.09488e+02  1.77768e+05 -7.44287e-18  0.00000e+00  0.00000e+00  9.77552e-06
0052  2.02267e+18  1.08092e+02  1.76505e+05  5.88349e-20  0.00000e+00  0.00000e+00  9.59833e-06
0053  2.04109e+18  1.07521e+02  1.76007e+05  2.08907e-18  0.00000e+00  0.00000e+00  9.42591e-06
0054  2.05951e+18  1.07736e+02  1.76174e+05  3.53986e-18  0.00000e+00  0.00000e+00  9.25810e-06
0055  2.07792e+18  1.08009e+02  1.76394e+05  4.38714e-18  0.00000e+00  0.00000e+00  9.09473e-06
0056  2.09634e+18  1.08345e+02  1.76689e+05  3.19882e-18  0.00000e+00  0.00000e+00  8.93564e-06
0057  2.11475e+18  1.07248e+02  1.75766e+05  3.17680e-18  0.00000e+00  0.00000e+00  8.78070e-06
0058  2.13317e+18  1.07896e+02  1.76268e+05  6.77393e-18  0.00000e+00  0.00000e+00  8.62975e-06
0059  2.15158e+18  1.46315e+02  2.25710e+05 -2.47159e-17  0.00000e+00  0.00000e+00  8.48265e-06
0060  2.17000e+18  3.46494e+02  5.90371e+05  1.35074e-16  0.00000e+00  0.00000e+00  8.33929e-06
0061  2.18841e+18  6.02439e+02  9.77275e+05  4.39305e-17  0.00000e+00  0.00000e+00  8.19953e-06
0062  2.20683e+18  7.97669e+02  1.31815e+06  2.56932e-17  0.00000e+00  0.00000e+00  8.06326e-06
0063  2.22524e+18  1.00701e+03  1.69114e+06  2.52436e-17  0.00000e+00  0.00000e+00  7.93035e-06
0064  2.24366e+18  1.22390e+03  2.07702e+06  2.55967e-17  0.00000e+00  0.00000e+00  7.80071e-06
0065  2.26207e+18  1.32700e+03  2.27913e+06  2.45854e-17  0.00000e+00  0.00000e+00  7.67421e-06
0066  2.28049e+18  1.31436e+03  2.29351e+06  2.35237e-17  0.00000e+00  0.00000e+00  7.55077e-06
0067  2.29891e+18  1.28089e+03  2.27278e+06  2.24329e-17  0.00000e+00  0.00000e+00  7.43029e-06
0068  2.31732e+18  1.21894e+03  2.19070e+06  2.14040e-17  0.00000e+00  0.00000e+00  7.31266e-06
0069  2.33574e+18  1.07382e+03  1.93105e+06  1.97370e-17  0.00000e+00  0.00000e+00  7.19781e-06
0070  2.35415e+18  7.00792e+02  1.26176e+06  1.35508e-17  0.00000e+00  0.00000e+00  7.08564e-06
0071  2.37257e+18  2.19488e+02  3.81933e+05  6.79495e-17  0.00000e+00  0.00000e+00  6.97607e-06
0072  2.39098e+18  9.61386e+01  1.68052e+05 -1.10116e-16  0.00000e+00  0.00000e+00  6.86902e-06
0073  2.40940e+18  9.23353e+01  1.64483e+05 -8.63664e-19  0.00000e+00  0.00000e+00  6.76442e-06
0074  2.42781e+18  9.34649e+01  1.65367e+05  4.38379e-19  0.00000e+00  0.00000e+00  6.66219e-06
0075  2.44623e+18  9.54646e+01  1.66973e+05  8.73969e-19  0.00000e+00  0.00000e+00  6.56226e-06
0076  2.46464e+18  9.70152e+01  1.67935e+05  2.55893e-17  0.00000e+00  0.00000e+00  6.46456e-06
0077  2.48306e+18  9.86016e+01  1.68903e+05 -1.12326e-19  0.00000e+00  0.00000e+00  6.36903e-06
0078  2.50147e+18  1.00465e+02  1.70505e+05  4.78410e-19  0.00000e+00  0.00000e+00  6.27560e-06
0079  2.51989e+18  1.02061e+02  1.71944e+05  4.90100e-19  0.00000e+00  0.00000e+00  6.18421e-06
0080  2.53831e+18  1.03336e+02  1.72644e+05  2.31631e-19  0.00000e+00  0.00000e+00  6.09480e-06
0081  2.55672e+18  1.04571e+02  1.73608e+05  5.59957e-19  0.00000e+00  0.00000e+00  6.00732e-06
0082  2.57514e+18  1.06121e+02  1.74874e+05 -3.27480e-19  0.00000e+00  0.00000e+00  5.92171e-06
0083  2.59355e+18  1.09285e+02  1.77618e+05 -3.76575e-18  0.00000e+00  0.00000e+00  5.83791e-06
0084  2.61197e+18  1.17117e+02  1.85196e+05 -1.10250e-17  0.00000e+00  0.00000e+00  5.75588e-06
0085  2.63038e+18  1.30254e+02  2.00189e+05 -1.18816e-17  0.00000e+00  0.00000e+00  5.67557e-06
0086  2.64880e+18  1.38326e+02  2.10845e+05 -1.22661e-18  0.00000e+00  0.00000e+00  5.59693e-06
0087  2.66721e+18  1.38603e+02  2.11081e+05  1.21357e-18  0.00000e+00  0.00000e+00  5.51991e-06
0088  2.68563e+18  1.37092e+02  2.08826e+05  1.34866e-18  0.00000e+00  0.00000e+00  5.44447e-06
0089  2.70404e+18  1.35477e+02  2.06505e+05  1.28617e-18  0.00000e+00  0.00000e+00  5.37056e-06
0090  2.72246e+18  1.34178e+02  2.04683e+05  1.30625e-18  0.00000e+00  0.00000e+00  5.29815e-06
0091  2.74088e+18  1.33246e+02  2.03390e+05  1.48946e-18  0.00000e+00  0.00000e+00  5.22720e-06
0092  2.75929e+18  1.32299e+02  2.02144e+05  1.05351e-18  0.00000e+00  0.00000e+00  5.15766e-06
0093  2.77771e+18  1.33078e+02  2.03215e+05  7.06232e-19  0.00000e+00  0.00000e+00  5.08950e-06
0094  2.79612e+18  1.57913e+02  2.40867e+05  1.13947e-17  0.00000e+00  0.00000e+00  5.02268e-06
0095  2.81454e+18  2.66460e+02  4.12358e+05  8.83770e-17  0.00000e+00  0.00000e+00  4.95717e-06
0096  2.83295e+18  4.38114e+02  6.15751e+05  5.32673e-17  0.00000e+00  0.00000e+00  4.89293e-06
0097  2.85137e+18  5.71219e+02  7.73330e+05  3.23249e-17  0.00000e+00  0.00000e+00  4.82993e-06
0098  2.86978e+18  6.67267e+02  8.84310e+05  2.37407e-17  0.00000e+00  0.00000e+00  4.76814e-06
0099  2.88820e+18  7.41435e+02  9.68807e+05  1.97251e-17  0.00000e+00  0.00000e+00  4.70753e-06
0100  2.90661e+18  8.03424e+02  1.03884e+06  1.72076e-17  0.00000e+00  0.00000e+00  4.64807e-06
0101  2.92503e+18  8.58039e+02  1.10035e+06  1.54436e-17  0.00000e+00  0.00000e+00  4.58973e-06
0102  2.94345e+18  9.07057e+02  1.15567e+06  1.40274e-17  0.00000e+00  0.00000e+00  4.53248e-06
0103  2.96186e+18  9.52365e+02  1.20725e+06  1.31382e-17  0.00000e+00  0.00000e+00  4.47629e-06
0104  2.98028e+18  9.95228e+02  1.25559e+06  1.23165e-17  0.00000e+00  0.00000e+00  4.42114e-06
0105  2.99869e+18  1.03574e+03  1.30124e+06  1.15763e-17  0.00000e+00  0.00000e+00  4.36701e-06
0106  3.01711e+18  1.07428e+03  1.34462e+06  1.09790e-17  0.00000e+00  0.00000e+00  4.31386e-06
0107  3.03552e+18  1.11125e+03  1.38622e+06  1.05169e-17  0.00000e+00  0.00000e+00  4.26168e-06
0108  3.05394e+18  1.14676e+03  1.42625e+06  1.00720e-17  0.00000e+00  0.00000e+00  4.21044e-06
0109  3.07235e+18  1.18075e+03  1.46493e+06  9.64563e-18  0.00000e+00  0.00000e+00  4.16011e-06
0110  3.09077e+18  1.21319e+03  1.50239e+06  9.23905e-18  0.00000e+00  0.00000e+00  4.11069e-06
0111  3.10918e+18  1.24404e+03  1.53862e+06  8.85329e-18  0.00000e+00  0.00000e+00  4.06214e-06
0112  3.12760e+18  1.27353e+03  1.57393e+06  8.54578e-18  0.00000e+00  0.00000e+00  4.01444e-06
0113  3.14602e+18  1.30199e+03  1.60838e+06  8.27563e-18  0.00000e+00  0.00000e+00  3.96758e-06
0114  3.16443e+18  1.32947e+03  1.64198e+06  8.00820e-18  0.00000e+00  0.00000e+00  3.92154e-06
0115  3.18285e+18  1.35600e+03  1.67472e+06  7.74580e-18  0.00000e+00  0.00000e+00  3.87629e-06
0116  3.20126e+18  1.38159e+03  1.70659e+06  7.49000e-18  0.00000e+00  0.00000e+00  3.83182e-06
0117  3.21968e+18  1.40622e+03  1.73761e+06  7.24186e-18  0.00000e+00  0.00000e+00  3.78811e-06
0118  3.23809e+18  1.42990e+03  1.76782e+06  7.00199e-18  0.00000e+00  0.00000e+00  3.74515e-06
0119  3.25651e+18  1.45262e+03  1.79724e+06  6.77074e-18  0.00000e+00  0.00000e+00  3.70291e-06
0120  3.27492e+18  1.47434e+03  1.82592e+06  6.54831e-18  0.00000e+00  0.00000e+00  3.66138e-06
0121  3.29334e+18  1.49514e+03  1.85411e+06  6.36248e-18  0.00000e+00  0.00000e+00  3.62055e-06
0122  3.31176e+18  1.51508e+03  1.88176e+06  6.16775e-18  0.00000e+00  0.00000e+00  3.58040e-06
0123  3.33017e+18  1.53411e+03  1.90895e+06  5.98109e-18  0.00000e+00  0.00000e+00  3.54091e-06
0124  3.34859e+18  1.55223e+03  1.93568e+06  5.80096e-18  0.00000e+00  0.00000e+00  3.50207e-06
0125  3.36700e+18  1.56949e+03  1.96197e+06  5.62735e-18  0.00000e+00  0.00000e+00  3.46386e-06
0126  3.38542e+18  1.58593e+03  1.98781e+06  5.46020e-18  0.00000e+00  0.00000e+00  3.42628e-06
0127  3.40383e+18  1.60160e+03  2.01321e+06  5.29937e-18  0.00000e+00  0.00000e+00  3.38931e-06
0128  3.42225e+18  1.61653e+03  2.03817e+06  5.14471e-18  0.00000e+00  0.00000e+00  3.35293e-06
0129  3.44066e+18  1.63074e+03  2.06270e+06  4.99602e-18  0.00000e+00  0.00000e+00  3.31713e-06
0130  3.45908e+18  1.64427e+03  2.08679e+06  4.85310e-18  0.00000e+00  0.00000e+00  3.28191e-06
0131  3.47749e+18  1.65714e+03  2.11046e+06  4.71573e-18  0.00000e+00  0.00000e+00  3.24724e-06
0132  3.49591e+18  1.66936e+03  2.13372e+06  4.58369e-18  0.00000e+00  0.00000e+00  3.21312e-06
0133  3.51433e+18  1.68097e+03  2.15659e+06  4.45675e-18  0.00000e+00  0.00000e+00  3.17953e-06
0134  3.53274e+18  1.69198e+03  2.17908e+06  4.33450e-18  0.00000e+00  0.00000e+00  3.14647e-06
0135  3.55116e+18  1.70240e+03  2.20123e+06  4.21684e-18  0.00000e+00  0.00000e+00  3.11392e-06
0136  3.56957e+18  1.71223e+03  2.22306e+06  4.10364e-18  0.00000e+00  0.00000e+00  3.08188e-06
0137  3.58799e+18  1.72149e+03  2.24462e+06  3.99469e-18  0.00000e+00  0.00000e+00  3.05032e-06
0138  3.60640e+18  1.73017e+03  2.26594e+06  3.88980e-18  0.00000e+00  0.00000e+00  3.01925e-06
0139  3.62482e+18  1.73828e+03  2.28705e+06  3.78877e-18  0.00000e+00  0.00000e+00  2.98865e-06
0140  3.64323e+18  1.74585e+03  2.30799e+06  3.69141e-18  0.00000e+00  0.00000e+00  2.95851e-06
0141  3.66165e+18  1.75290e+03  2.32876e+06  3.59755e-18  0.00000e+00  0.00000e+00  2.92883e-06
0142  3.68007e+18  1.75948e+03  2.34937e+06  3.50701e-18  0.00000e+00  0.00000e+00  2.89959e-06
0143  3.69848e+18  1.76563e+03  2.36982e+06  3.41963e-18  0.00000e+00  0.00000e+00  2.87079e-06
0144  3.71690e+18  1.77140e+03  2.39009e+06  3.33525e-18  0.00000e+00  0.00000e+00  2.84241e-06
0145  3.73531e+18  1.77684e+03  2.41017e+06  3.25372e-18  0.00000e+00  0.00000e+00  2.81445e-06
0146  3.75373e+18  1.78199e+03  2.43004e+06  3.17492e-18  0.00000e+00  0.00000e+00  2.78690e-06
0147  3.77214e+18  1.78690e+03  2.44969e+06  3.09870e-18  0.00000e+00  0.00000e+00  2.75976e-06
0148  3.79056e+18  1.79159e+03  2.46912e+06  3.02496e-18  0.00000e+00  0.00000e+00  2.73301e-06
0149  3.80897e+18  1.79606e+03  2.48834e+06  2.95358e-18  0.00000e+00  0.00000e+00  2.70665e-06
0150  3.82739e+18  1.80028e+03  2.50739e+06  2.88449e-18  0.00000e+00  0.00000e+00  2.68066e-06
0151  3.84581e+18  1.80420e+03  2.52635e+06  2.80910e-18  0.00000e+00  0.00000e+00  2.65505e-06
0152  3.86422e+18  1.80776e+03  2.54524e+06  2.74826e-18  0.00000e+00  0.00000e+00  2.62981e-06
0153  3.88264e+18  1.81095e+03  2.56410e+06  2.68618e-18  0.00000e+00  0.00000e+00  2.60492e-06
0154  3.90105e+18  1.81380e+03  2.58290e+06  2.62588e-18  0.00000e+00  0.00000e+00  2.58038e-06
0155  3.91947e+18  1.81630e+03  2.60165e+06  2.56729e-18  0.00000e+00  0.00000e+00  2.55619e-06
0156  3.93788e+18  1.81848e+03  2.62034e+06  2.51035e-18  0.00000e+00  0.00000e+00  2.53234e-06
0157  3.95630e+18  1.82036e+03  2.63894e+06  2.45503e-18  0.00000e+00  0.00000e+00  2.50882e-06
0158  3.97471e+18  1.82197e+03  2.65741e+06  2.40128e-18  0.00000e+00  0.00000e+00  2.48563e-06
0159  3.99313e+18  1.82334e+03  2.67569e+06  2.34906e-18  0.00000e+00  0.00000e+00  2.46275e-06
0160  4.01155e+18  1.82450e+03  2.69375e+06  2.29833e-18  0.00000e+00  0.00000e+00  2.44019e-06
0161  4.02996e+18  1.82548e+03  2.71155e+06  2.24905e-18  0.00000e+00  0.00000e+00  2.41794e-06
0162  4.04838e+18  1.82628e+03  2.72908e+06  2.20117e-18  0.00000e+00  0.00000e+00  2.39599e-06
0163  4.06679e+18  1.82690e+03  2.74634e+06  2.15464e-18  0.00000e+00  0.00000e+00  2.37434e-06
0164  4.08521e+18  1.82732e+03  2.76334e+06  2.10941e-18  0.00000e+00  0.00000e+00  2.35299e-06
0165  4.10362e+18  1.82751e+03  2.78010e+06  2.06543e-18  0.00000e+00  0.00000e+00  2.33191e-06
0166  4.12204e+18  1.82747e+03  2.79664e+06  2.02264e-18  0.00000e+00  0.00000e+00  2.31113e-06
0167  4.14045e+18  1.82718e+03  2.81298e+06  1.98101e-18  0.00000e+00  0.00000e+00  2.29061e-06
0168  4.15887e+18  1.82662e+03  2.82916e+06  1.94046e-18  0.00000e+00  0.00000e+00  2.27037e-06
0169  4.17728e+18  1.82580e+03  2.84519e+06  1.90096e-18  0.00000e+00  0.00000e+00  2.25040e-06
0170  4.19570e+18  1.82472e+03  2.86109e+06  1.86247e-18  0.00000e+00  0.00000e+00  2.23069e-06
0171  4.21412e+18  1.82341e+03  2.87686e+06  1.82495e-18  0.00000e+00  0.00000e+00  2.21123e-06
0172  4.23253e+18  1.82190e+03  2.89251e+06  1.78836e-18  0.00000e+00  0.00000e+00  2.19203e-06
0173  4.25095e+18  1.82021e+03  2.90803e+06  1.75267e-18  0.00000e+00  0.00000e+00  2.17308e-06
0174  4.26936e+18  1.81838e+03  2.92343e+06  1.71785e-18  0.00000e+00  0.00000e+00  2.15438e-06
0175  4.28778e+18  1.81645e+03  2.93871e+06  1.68387e-18  0.00000e+00  0.00000e+00  2.13591e-06
0176  4.30619e+18  1.81442e+03  2.95388e+06  1.65070e-18  0.00000e+00  0.00000e+00  2.11768e-06
0177  4.32461e+18  1.81234e+03  2.96896e+06  1.61831e-18  0.00000e+00  0.00000e+00  2.09968e-06
0178  4.34302e+18  1.81020e+03  2.98399e+06  1.58661e-18  0.00000e+00  0.00000e+00  2.08191e-06
0179  4.36144e+18  1.80804e+03  2.99894e+06  1.55557e-18  0.00000e+00  0.00000e+00  2.06437e-06
0180  4.37986e+18  1.80590e+03  3.01389e+06  1.52523e-18  0.00000e+00  0.00000e+00  2.04705e-06
0181  4.39827e+18  1.80375e+03  3.02892e+06  1.50068e-18  0.00000e+00  0.00000e+00  2.02994e-06
0182  4.41669e+18  1.80157e+03  3.04393e+06  1.47221e-18  0.00000e+00  0.00000e+00  2.01305e-06
0183  4.43510e+18  1.79933e+03  3.05890e+06  1.44440e-18  0.00000e+00  0.00000e+00  1.99637e-06
0184  4.45352e+18  1.79703e+03  3.07384e+06  1.41721e-18  0.00000e+00  0.00000e+00  1.97989e-06
0185  4.47193e+18  1.79471e+03  3.08879e+06  1.39062e-18  0.00000e+00  0.00000e+00  1.96362e-06
0186  4.49035e+18  1.79238e+03  3.10381e+06  1.36459e-18  0.00000e+00  0.00000e+00  1.94754e-06
0187  4.50876e+18  1.79007e+03  3.11891e+06  1.33910e-18  0.00000e+00  0.00000e+00  1.93167e-06
0188  4.52718e+18  1.78778e+03  3.13411e+06  1.31413e-18  0.00000e+00  0.00000e+00  1.91598e-06
0189  4.54560e+18  1.78552e+03  3.14942e+06  1.28967e-18  0.00000e+00  0.00000e+00  1.90049e-06
0190  4.56401e+18  1.78328e+03  3.16485e+06  1.26571e-18  0.00000e+00  0.00000e+00  1.88519e-06
0191  4.58243e+18  1.78106e+03  3.18041e+06  1.24222e-18  0.00000e+00  0.00000e+00  1.87006e-06
0192  4.60084e+18  1.77887e+03  3.19610e+06  1.21921e-18  0.00000e+00  0.00000e+00  1.85512e-06
0193  4.61926e+18  1.77669e+03  3.21190e+06  1.19666e-18  0.00000e+00  0.00000e+00  1.84036e-06
0194  4.63767e+18  1.77451e+03  3.22780e+06  1.17454e-18  0.00000e+00  0.00000e+00  1.82577e-06
0195  4.65609e+18  1.77232e+03  3.24375e+06  1.15276e-18  0.00000e+00  0.00000e+00  1.81136e-06
0196  4.67450e+18  1.77011e+03  3.25971e+06  1.13144e-18  0.00000e+00  0.00000e+00  1.79712e-06
0197  4.69292e+18  1.76784e+03  3.27563e+06  1.11059e-18  0.00000e+00  0.00000e+00  1.78304e-06
0198  4.71134e+18  1.76553e+03  3.29148e+06  1.09019e-18  0.00000e+00  0.00000e+00  1.76913e-06
0199  4.72975e+18  1.76321e+03  3.30728e+06  1.07023e-18  0.00000e+00  0.00000e+00  1.75538e-06
0200  4.74817e+18  1.76078e+03  3.32284e+06  1.05073e-18  0.00000e+00  0.00000e+00  1.74179e-06
0201  4.76658e+18  1.75798e+03  3.33759e+06  1.03183e-18  0.00000e+00  0.00000e+00  1.72836e-06
0202  4.78500e+18  1.75496e+03  3.35184e+06  1.01341e-18  0.00000e+00  0.00000e+00  1.71508e-06
0203  4.80341e+18  1.75370e+03  3.36936e+06  9.94648e-19  0.00000e+00  0.00000e+00  1.70195e-06
0204  4.82183e+18  1.75644e+03  3.39457e+06  9.74658e-19  0.00000e+00  0.00000e+00  1.68898e-06
0205  4.84024e+18  1.75281e+03  3.40747e+06  9.57681e-19  0.00000e+00  0.00000e+00  1.67615e-06
0206  4.85866e+18  1.73784e+03  3.39814e+06  9.45417e-19  0.00000e+00  0.00000e+00  1.66347e-06
0207  4.87708e+18  1.70120e+03  3.34575e+06  9.41231e-19  0.00000e+00  0.00000e+00  1.65093e-06
0208  4.89549e+18  1.55563e+03  3.07721e+06  9.68895e-19  0.00000e+00  0.00000e+00  1.63853e-06
0209  4.91391e+18  1.09078e+03  2.16899e+06  8.98583e-19  0.00000e+00  0.00000e+00  1.62627e-06
0210  4.93232e+18  4.50237e+02  8.96057e+05  5.69887e-19  0.00000e+00  0.00000e+00  1.61415e-06
0211  4.95074e+18  1.50918e+02  2.71070e+05 -2.30041e-17  0.00000e+00  0.00000e+00  1.60217e-06
0212  4.96915e+18  8.99492e+01  1.66386e+05 -2.30326e-17  0.00000e+00  0.00000e+00  1.59031e-06
0213  4.98757e+18  8.72358e+01  1.60996e+05 -3.09723e-18  0.00000e+00  0.00000e+00  1.57859e-06
0214  5.00598e+18  8.88897e+01  1.61620e+05  1.06357e-18  0.00000e+00  0.00000e+00  1.56700e-06
0215  5.02440e+18  9.42276e+01  1.65568e+05  2.12030e-18  0.00000e+00  0.00000e+00  1.55553e-06
0216  5.04282e+18  1.01816e+02  1.71060e+05  2.53778e-18  0.00000e+00  0.00000e+00  1.54419e-06
0217  5.06123e+18  1.10754e+02  1.78196e+05  1.67425e-18  0.00000e+00  0.00000e+00  1.53298e-06
0218  5.07965e+18  1.23083e+02  1.90150e+05  1.88944e-18  0.00000e+00  0.00000e+00  1.52188e-06
0219  5.09806e+18  1.44587e+02  2.17425e+05  3.01894e-18  0.00000e+00  0.00000e+00  1.51091e-06
0220  5.11648e+18  1.85490e+02  2.71954e+05  7.88660e-18  0.00000e+00  0.00000e+00  1.50005e-06
0221  5.13489e+18  2.54046e+02  3.53325e+05  1.10047e-17  0.00000e+00  0.00000e+00  1.48931e-06
0222  5.15331e+18  3.40854e+02  4.43781e+05  9.09446e-18  0.00000e+00  0.00000e+00  1.47868e-06
0223  5.17172e+18  4.24792e+02  5.26344e+05  6.69342e-18  0.00000e+00  0.00000e+00  1.46817e-06
0224  5.19014e+18  4.95978e+02  5.94144e+05  5.17709e-18  0.00000e+00  0.00000e+00  1.45777e-06
0225  5.20856e+18  5.55442e+02  6.47979e+05  4.26306e-18  0.00000e+00  0.00000e+00  1.44748e-06
0226  5.22697e+18  6.06278e+02  6.91285e+05  3.65270e-18  0.00000e+00  0.00000e+00  1.43730e-06
0227  5.24539e+18  6.51034e+02  7.27320e+05  3.21265e-18  0.00000e+00  0.00000e+00  1.42723e-06
0228  5.26380e+18  6.91664e+02  7.58572e+05  2.92012e-18  0.00000e+00  0.00000e+00  1.41726e-06
0229  5.28222e+18  7.29395e+02  7.86345e+05  2.68439e-18  0.00000e+00  0.00000e+00  1.40739e-06
0230  5.30063e+18  7.64872e+02  8.11444e+05  2.48422e-18  0.00000e+00  0.00000e+00  1.39763e-06
0231  5.31905e+18  7.98534e+02  8.34473e+05  2.31602e-18  0.00000e+00  0.00000e+00  1.38797e-06
0232  5.33746e+18  8.30725e+02  8.55828e+05  2.17480e-18  0.00000e+00  0.00000e+00  1.37841e-06
0233  5.35588e+18  8.61652e+02  8.75756e+05  2.04848e-18  0.00000e+00  0.00000e+00  1.36894e-06
0234  5.37430e+18  8.91410e+02  8.94412e+05  1.93488e-18  0.00000e+00  0.00000e+00  1.35958e-06
0235  5.39271e+18  9.20117e+02  9.11946e+05  1.83214e-18  0.00000e+00  0.00000e+00  1.35031e-06
0236  5.41113e+18  9.48032e+02  9.28684e+05  1.75750e-18  0.00000e+00  0.00000e+00  1.34113e-06
0237  5.42954e+18  9.75333e+02  9.44644e+05  1.68024e-18  0.00000e+00  0.00000e+00  1.33205e-06
0238  5.44796e+18  1.00199e+03  9.59875e+05  1.60822e-18  0.00000e+00  0.00000e+00  1.32306e-06
0239  5.46637e+18  1.02800e+03  9.74435e+05  1.53914e-18  0.00000e+00  0.00000e+00  1.31416e-06
0240  5.48479e+18  1.05346e+03  9.88454e+05  1.48318e-18  0.00000e+00  0.00000e+00  1.30535e-06
0241  5.50320e+18  1.07849e+03  1.00198e+06  1.43113e-18  0.00000e+00  0.00000e+00  1.29663e-06
0242  5.52162e+18  1.10311e+03  1.01505e+06  1.38163e-18  0.00000e+00  0.00000e+00  1.28800e-06
0243  5.54004e+18  1.12732e+03  1.02770e+06  1.33452e-18  0.00000e+00  0.00000e+00  1.27945e-06
0244  5.55845e+18  1.15114e+03  1.03996e+06  1.28966e-18  0.00000e+00  0.00000e+00  1.27098e-06
0245  5.57687e+18  1.17458e+03  1.05184e+06  1.24694e-18  0.00000e+00  0.00000e+00  1.26260e-06
0246  5.59528e+18  1.19764e+03  1.06338e+06  1.20622e-18  0.00000e+00  0.00000e+00  1.25431e-06
0247  5.61370e+18  1.22031e+03  1.07458e+06  1.16741e-18  0.00000e+00  0.00000e+00  1.24609e-06
0248  5.63211e+18  1.24263e+03  1.08548e+06  1.13038e-18  0.00000e+00  0.00000e+00  1.23795e-06
0249  5.65053e+18  1.26465e+03  1.09613e+06  1.09933e-18  0.00000e+00  0.00000e+00  1.22990e-06
0250  5.66894e+18  1.28645e+03  1.10656e+06  1.07013e-18  0.00000e+00  0.00000e+00  1.22192e-06
0251  5.68736e+18  1.30805e+03  1.11678e+06  1.04178e-18  0.00000e+00  0.00000e+00  1.21402e-06
0252  5.70578e+18  1.32942e+03  1.12680e+06  1.01427e-18  0.00000e+00  0.00000e+00  1.20620e-06
0253  5.72419e+18  1.35058e+03  1.13663e+06  9.87591e-19  0.00000e+00  0.00000e+00  1.19845e-06
0254  5.74261e+18  1.37152e+03  1.14628e+06  9.62016e-19  0.00000e+00  0.00000e+00  1.19077e-06
0255  5.76102e+18  1.39224e+03  1.15576e+06  9.37522e-19  0.00000e+00  0.00000e+00  1.18317e-06
0256  5.77944e+18  1.41276e+03  1.16508e+06  9.13755e-19  0.00000e+00  0.00000e+00  1.17565e-06
0257  5.79785e+18  1.43305e+03  1.17424e+06  8.90704e-19  0.00000e+00  0.00000e+00  1.16819e-06
0258  5.81627e+18  1.45313e+03  1.18325e+06  8.68358e-19  0.00000e+00  0.00000e+00  1.16080e-06
0259  5.83468e+18  1.47297e+03  1.19211e+06  8.46704e-19  0.00000e+00  0.00000e+00  1.15349e-06
0260  5.85310e+18  1.49257e+03  1.20082e+06  8.25728e-19  0.00000e+00  0.00000e+00  1.14624e-06
0261  5.87152e+18  1.51195e+03  1.20939e+06  8.05945e-19  0.00000e+00  0.00000e+00  1.13906e-06
0262  5.88993e+18  1.53110e+03  1.21783e+06  7.87011e-19  0.00000e+00  0.00000e+00  1.13195e-06
0263  5.90835e+18  1.55003e+03  1.22614e+06  7.68620e-19  0.00000e+00  0.00000e+00  1.12490e-06
0264  5.92676e+18  1.56873e+03  1.23432e+06  7.50763e-19  0.00000e+00  0.00000e+00  1.11792e-06
0265  5.94518e+18  1.58719e+03  1.24239e+06  7.33431e-19  0.00000e+00  0.00000e+00  1.11101e-06
0266  5.96359e+18  1.60540e+03  1.25033e+06  7.16612e-19  0.00000e+00  0.00000e+00  1.10416e-06
0267  5.98201e+18  1.62335e+03  1.25815e+06  7.00298e-19  0.00000e+00  0.00000e+00  1.09737e-06
0268  6.00043e+18  1.64104e+03  1.26586e+06  6.84475e-19  0.00000e+00  0.00000e+00  1.09065e-06
0269  6.01884e+18  1.65846e+03  1.27344e+06  6.69134e-19  0.00000e+00  0.00000e+00  1.08398e-06
0270  6.03726e+18  1.67560e+03  1.28091e+06  6.54263e-19  0.00000e+00  0.00000e+00  1.07738e-06
0271  6.05567e+18  1.69245e+03  1.28826e+06  6.39849e-19  0.00000e+00  0.00000e+00  1.07084e-06
0272  6.07409e+18  1.70902e+03  1.29549e+06  6.25882e-19  0.00000e+00  0.00000e+00  1.06435e-06
0273  6.09250e+18  1.72530e+03  1.30259e+06  6.12349e-19  0.00000e+00  0.00000e+00  1.05793e-06
0274  6.11092e+18  1.74127e+03  1.30957e+06  5.99240e-19  0.00000e+00  0.00000e+00  1.05156e-06
0275  6.12933e+18  1.75693e+03  1.31642e+06  5.86542e-19  0.00000e+00  0.00000e+00  1.04525e-06
0276  6.14775e+18  1.77227e+03  1.32315e+06  5.74245e-19  0.00000e+00  0.00000e+00  1.03900e-06
0277  6.16617e+18  1.78729e+03  1.32975e+06  5.62336e-19  0.00000e+00  0.00000e+00  1.03280e-06
0278  6.18458e+18  1.80196e+03  1.33619e+06  5.50815e-19  0.00000e+00  0.00000e+00  1.02666e-06
0279  6.20300e+18  1.81628e+03  1.34252e+06  5.39272e-19  0.00000e+00  0.00000e+00  1.02057e-06
0280  6.22141e+18  1.83031e+03  1.34873e+06  5.29728e-19  0.00000e+00  0.00000e+00  1.01454e-06
0281  6.23983e+18  1.84405e+03  1.35484e+06  5.20406e-19  0.00000e+00  0.00000e+00  1.00856e-06
0282  6.25824e+18  1.85751e+03  1.36084e+06  5.11305e-19  0.00000e+00  0.00000e+00  1.00263e-06
0283  6.27666e+18  1.87068e+03  1.36674e+06  5.02421e-19  0.00000e+00  0.00000e+00  9.96760e-07
0284  6.29507e+18  1.88357e+03  1.37253e+06  4.93751e-19  0.00000e+00  0.00000e+00  9.90937e-07
0285  6.31349e+18  1.89616e+03  1.37822e+06  4.85292e-19  0.00000e+00  0.00000e+00  9.85164e-07
0286  6.33191e+18  1.90846e+03  1.38381e+06  4.77039e-19  0.00000e+00  0.00000e+00  9.79442e-07
0287  6.35032e+18  1.92048e+03  1.38929e+06  4.68989e-19  0.00000e+00  0.00000e+00  9.73770e-07
0288  6.36874e+18  1.93222e+03  1.39466e+06  4.61136e-19  0.00000e+00  0.00000e+00  9.68146e-07
0289  6.38715e+18  1.94367e+03  1.39994e+06  4.53475e-19  0.00000e+00  0.00000e+00  9.62572e-07
0290  6.40557e+18  1.95485e+03  1.40512e+06  4.46001e-19  0.00000e+00  0.00000e+00  9.57045e-07
0291  6.42398e+18  1.96575e+03  1.41022e+06  4.38709e-19  0.00000e+00  0.00000e+00  9.51566e-07
0292  6.44240e+18  1.97637e+03  1.41523e+06  4.31595e-19  0.00000e+00  0.00000e+00  9.46133e-07
0293  6.46081e+18  1.98672e+03  1.42017e+06  4.24654e-19  0.00000e+00  0.00000e+00  9.40747e-07
0294  6.47923e+18  1.99678e+03  1.42504e+06  4.17881e-19  0.00000e+00  0.00000e+00  9.35407e-07
0295  6.49765e+18  2.00656e+03  1.42986e+06  4.11271e-19  0.00000e+00  0.00000e+00  9.30113e-07
0296  6.51606e+18  2.01607e+03  1.43462e+06  4.04819e-19  0.00000e+00  0.00000e+00  9.24863e-07
0297  6.53448e+18  2.02531e+03  1.43934e+06  3.98521e-19  0.00000e+00  0.00000e+00  9.19657e-07
0298  6.55289e+18  2.03428e+03  1.44402e+06  3.92372e-19  0.00000e+00  0.00000e+00  9.14495e-07
0299  6.57131e+18  2.04300e+03  1.44866e+06  3.86366e-19  0.00000e+00  0.00000e+00  9.09377e-07
0300  6.58972e+18  2.05146e+03  1.45327e+06  3.80498e-19  0.00000e+00  0.00000e+00  9.04301e-07
0301  6.60814e+18  2.05970e+03  1.45785e+06  3.74764e-19  0.00000e+00  0.00000e+00  8.99268e-07
0302  6.62655e+18  2.06770e+03  1.46241e+06  3.69160e-19  0.00000e+00  0.00000e+00  8.94277e-07
0303  6.64497e+18  2.07548e+03  1.46694e+06  3.63680e-19  0.00000e+00  0.00000e+00  8.89327e-07
0304  6.66339e+18  2.08305e+03  1.47146e+06  3.58321e-19  0.00000e+00  0.00000e+00  8.84418e-07
0305  6.68180e+18  2.09040e+03  1.47596e+06  3.53079e-19  0.00000e+00  0.00000e+00  8.79550e-07
0306  6.70022e+18  2.09755e+03  1.48046e+06  3.47951e-19  0.00000e+00  0.00000e+00  8.74722e-07
0307  6.71863e+18  2.10450e+03  1.48494e+06  3.42934e-19  0.00000e+00  0.00000e+00  8.69933e-07
0308  6.73705e+18  2.11124e+03  1.48943e+06  3.38023e-19  0.00000e+00  0.00000e+00  8.65184e-07
0309  6.75546e+18  2.11780e+03  1.49392e+06  3.33216e-19  0.00000e+00  0.00000e+00  8.60473e-07
0310  6.77388e+18  2.12417e+03  1.49840e+06  3.28509e-19  0.00000e+00  0.00000e+00  8.55801e-07
0311  6.79229e+18  2.13037e+03  1.50288e+06  3.23899e-19  0.00000e+00  0.00000e+00  8.51167e-07
0312  6.81071e+18  2.13641e+03  1.50736e+06  3.19382e-19  0.00000e+00  0.00000e+00  8.46570e-07
0313  6.82913e+18  2.14229e+03  1.51182e+06  3.14957e-19  0.00000e+00  0.00000e+00  8.42010e-07
0314  6.84754e+18  2.14803e+03  1.51628e+06  3.10620e-19  0.00000e+00  0.00000e+00  8.37487e-07
0315  6.86596e+18  2.15362e+03  1.52072e+06  3.06369e-19  0.00000e+00  0.00000e+00  8.33001e-07
0316  6.88437e+18  2.15907e+03  1.52516e+06  3.02202e-19  0.00000e+00  0.00000e+00  8.28550e-07
0317  6.90279e+18  2.16437e+03  1.52958e+06  2.98118e-19  0.00000e+00  0.00000e+00  8.24135e-07
0318  6.92120e+18  2.16952e+03  1.53400e+06  2.94115e-19  0.00000e+00  0.00000e+00  8.19755e-07
0319  6.93962e+18  2.17451e+03  1.53842e+06  2.90231e-19  0.00000e+00  0.00000e+00  8.15410e-07
0320  6.95803e+18  2.17933e+03  1.54283e+06  2.86441e-19  0.00000e+00  0.00000e+00  8.11100e-07
0321  6.97645e+18  2.18400e+03  1.54724e+06  2.82723e-19  0.00000e+00  0.00000e+00  8.06824e-07
0322  6.99487e+18  2.18850e+03  1.55164e+06  2.79077e-19  0.00000e+00  0.00000e+00  8.02581e-07
0323  7.01328e+18  2.19284e+03  1.55604e+06  2.75501e-19  0.00000e+00  0.00000e+00  7.98371e-07
0324  7.03170e+18  2.19703e+03  1.56043e+06  2.71992e-19  0.00000e+00  0.00000e+00  7.94195e-07
0325  7.05011e+18  2.20108e+03  1.56480e+06  2.68550e-19  0.00000e+00  0.00000e+00  7.90052e-07
0326  7.06853e+18  2.20498e+03  1.56915e+06  2.65173e-19  0.00000e+00  0.00000e+00  7.85940e-07
0327  7.08694e+18  2.20875e+03  1.57349e+06  2.61870e-19  0.00000e+00  0.00000e+00  7.81861e-07
0328  7.10536e+18  2.21238e+03  1.57781e+06  2.58644e-19  0.00000e+00  0.00000e+00  7.77813e-07
0329  7.12378e+18  2.21589e+03  1.58210e+06  2.55477e-19  0.00000e+00  0.00000e+00  7.73797e-07
0330  7.14219e+18  2.21927e+03  1.58638e+06  2.52367e-19  0.00000e+00  0.00000e+00  7.69812e-07
0331  7.16061e+18  2.22252e+03  1.59063e+06  2.49314e-19  0.00000e+00  0.00000e+00  7.65858e-07
0332  7.17902e+18  2.22565e+03  1.59486e+06  2.46316e-19  0.00000e+00  0.00000e+00  7.61933e-07
0333  7.19744e+18  2.22864e+03  1.59906e+06  2.43372e-19  0.00000e+00  0.00000e+00  7.58039e-07
0334  7.21585e+18  2.23151e+03  1.60324e+06  2.40481e-19  0.00000e+00  0.00000e+00  7.54175e-07
0335  7.23427e+18  2.23425e+03  1.60739e+06  2.37642e-19  0.00000e+00  0.00000e+00  7.50340e-07
0336  7.25268e+18  2.23687e+03  1.61152e+06  2.34853e-19  0.00000e+00  0.00000e+00  7.46535e-07
0337  7.27110e+18  2.23936e+03  1.61562e+06  2.32115e-19  0.00000e+00  0.00000e+00  7.42758e-07
0338  7.28952e+18  2.24173e+03  1.61970e+06  2.29425e-19  0.00000e+00  0.00000e+00  7.39010e-07
0339  7.30793e+18  2.24397e+03  1.62375e+06  2.26783e-19  0.00000e+00  0.00000e+00  7.35290e-07
0340  7.32635e+18  2.24609e+03  1.62777e+06  2.24187e-19  0.00000e+00  0.00000e+00  7.31598e-07
0341  7.34476e+18  2.24809e+03  1.63177e+06  2.21637e-19  0.00000e+00  0.00000e+00  7.27934e-07
0342  7.36318e+18  2.24997e+03  1.63574e+06  2.19130e-19  0.00000e+00  0.00000e+00  7.24298e-07
0343  7.38159e+18  2.25175e+03  1.63969e+06  2.16667e-19  0.00000e+00  0.00000e+00  7.20688e-07
0344  7.40001e+18  2.25342e+03  1.64360e+06  2.14245e-19  0.00000e+00  0.00000e+00  7.17106e-07
0345  7.41842e+18  2.25500e+03  1.64749e+06  2.11864e-19  0.00000e+00  0.00000e+00  7.13550e-07
0346  7.43684e+18  2.25648e+03  1.65135e+06  2.09523e-19  0.00000e+00  0.00000e+00  7.10020e-07
0347  7.45526e+18  2.25787e+03  1.65517e+06  2.07219e-19  0.00000e+00  0.00000e+00  7.06517e-07
0348  7.47367e+18  2.25917e+03  1.65897e+06  2.04954e-19  0.00000e+00  0.00000e+00  7.03039e-07
0349  7.49209e+18  2.26038e+03  1.66275e+06  2.02726e-19  0.00000e+00  0.00000e+00  6.99587e-07
0350  7.51050e+18  2.26150e+03  1.66650e+06  2.00533e-19  0.00000e+00  0.00000e+00  6.96161e-07
0351  7.52892e+18  2.26253e+03  1.67023e+06  1.98376e-19  0.00000e+00  0.00000e+00  6.92759e-07
0352  7.54733e+18  2.26347e+03  1.67393e+06  1.96253e-19  0.00000e+00  0.00000e+00  6.89383e-07
0353  7.56575e+18  2.26432e+03  1.67762e+06  1.94164e-19  0.00000e+00  0.00000e+00  6.86031e-07
0354  7.58416e+18  2.26509e+03  1.68129e+06  1.92108e-19  0.00000e+00  0.00000e+00  6.82703e-07
0355  7.60258e+18  2.26578e+03  1.68494e+06  1.90085e-19  0.00000e+00  0.00000e+00  6.79400e-07
0356  7.62100e+18  2.26639e+03  1.68857e+06  1.88092e-19  0.00000e+00  0.00000e+00  6.76121e-07
0357  7.63941e+18  2.26693e+03  1.69217e+06  1.86130e-19  0.00000e+00  0.00000e+00  6.72865e-07
0358  7.65783e+18  2.26741e+03  1.69576e+06  1.84197e-19  0.00000e+00  0.00000e+00  6.69632e-07
0359  7.67624e+18  2.26783e+03  1.69932e+06  1.82293e-19  0.00000e+00  0.00000e+00  6.66423e-07
0360  7.69466e+18  2.26819e+03  1.70285e+06  1.80417e-19  0.00000e+00  0.00000e+00  6.63237e-07
0361  7.71307e+18  2.26849e+03  1.70636e+06  1.78569e-19  0.00000e+00  0.00000e+00  6.60074e-07
0362  7.73149e+18  2.26874e+03  1.70986e+06  1.76748e-19  0.00000e+00  0.00000e+00  6.56933e-07
0363  7.74990e+18  2.26892e+03  1.71333e+06  1.74953e-19  0.00000e+00  0.00000e+00  6.53815e-07
0364  7.76832e+18  2.26904e+03  1.71679e+06  1.73185e-19  0.00000e+00  0.00000e+00  6.50719e-07
0365  7.78674e+18  2.26909e+03  1.72025e+06  1.71443e-19  0.00000e+00  0.00000e+00  6.47644e-07
0366  7.80515e+18  2.26906e+03  1.72369e+06  1.69726e-19  0.00000e+00  0.00000e+00  6.44592e-07
0367  7.82357e+18  2.26896e+03  1.72713e+06  1.68035e-19  0.00000e+00  0.00000e+00  6.41561e-07
0368  7.84198e+18  2.26880e+03  1.73057e+06  1.66367e-19  0.00000e+00  0.00000e+00  6.38551e-07
0369  7.86040e+18  2.26859e+03  1.73399e+06  1.64723e-19  0.00000e+00  0.00000e+00  6.35563e-07
0370  7.87881e+18  2.26833e+03  1.73739e+06  1.63102e-19  0.00000e+00  0.00000e+00  6.32595e-07
0371  7.89723e+18  2.26800e+03  1.74080e+06  1.61504e-19  0.00000e+00  0.00000e+00  6.29648e-07
0372  7.91564e+18  2.26762e+03  1.74420e+06  1.59928e-19  0.00000e+00  0.00000e+00  6.26722e-07
0373  7.93406e+18  2.26719e+03  1.74759e+06  1.58373e-19  0.00000e+00  0.00000e+00  6.23816e-07
0374  7.95248e+18  2.26670e+03  1.75098e+06  1.56840e-19  0.00000e+00  0.00000e+00  6.20930e-07
0375  7.97089e+18  2.26618e+03  1.75435e+06  1.55327e-19  0.00000e+00  0.00000e+00  6.18064e-07
0376  7.98931e+18  2.26560e+03  1.75772e+06  1.53835e-19  0.00000e+00  0.00000e+00  6.15218e-07
0377  8.00772e+18  2.26497e+03  1.76109e+06  1.52363e-19  0.00000e+00  0.00000e+00  6.12392e-07
0378  8.02614e+18  2.26429e+03  1.76446e+06  1.50911e-19  0.00000e+00  0.00000e+00  6.09585e-07
0379  8.04455e+18  2.26356e+03  1.76782e+06  1.49478e-19  0.00000e+00  0.00000e+00  6.06797e-07
0380  8.06297e+18  2.26277e+03  1.77118e+06  1.48065e-19  0.00000e+00  0.00000e+00  6.04029e-07
0381  8.08139e+18  2.26193e+03  1.77453e+06  1.46670e-19  0.00000e+00  0.00000e+00  6.01279e-07
0382  8.09980e+18  2.26107e+03  1.77787e+06  1.45293e-19  0.00000e+00  0.00000e+00  5.98548e-07
0383  8.11822e+18  2.26019e+03  1.78119e+06  1.43934e-19  0.00000e+00  0.00000e+00  5.95835e-07
0384  8.13663e+18  2.25931e+03  1.78447e+06  1.42591e-19  0.00000e+00  0.00000e+00  5.93141e-07
0385  8.15505e+18  2.25845e+03  1.78771e+06  1.41263e-19  0.00000e+00  0.00000e+00  5.90466e-07
0386  8.17346e+18  2.25762e+03  1.79090e+06  1.39951e-19  0.00000e+00  0.00000e+00  5.87808e-07
0387  8.19188e+18  2.25682e+03  1.79405e+06  1.38653e-19  0.00000e+00  0.00000e+00  5.85168e-07
0388  8.21029e+18  2.25604e+03  1.79717e+06  1.37371e-19  0.00000e+00  0.00000e+00  5.82546e-07
0389  8.22871e+18  2.25527e+03  1.80027e+06  1.36102e-19  0.00000e+00  0.00000e+00  5.79941e-07
0390  8.24713e+18  2.25450e+03  1.80337e+06  1.34849e-19  0.00000e+00  0.00000e+00  5.77354e-07
0391  8.26554e+18  2.25372e+03  1.80648e+06  1.33609e-19  0.00000e+00  0.00000e+00  5.74784e-07
0392  8.28396e+18  2.25290e+03  1.80963e+06  1.32385e-19  0.00000e+00  0.00000e+00  5.72232e-07
0393  8.30237e+18  2.25203e+03  1.81283e+06  1.31175e-19  0.00000e+00  0.00000e+00  5.69696e-07
0394  8.32079e+18  2.25108e+03  1.81609e+06  1.29980e-19  0.00000e+00  0.00000e+00  5.67177e-07
0395  8.33920e+18  2.25002e+03  1.81940e+06  1.28802e-19  0.00000e+00  0.00000e+00  5.64675e-07
0396  8.35762e+18  2.24884e+03  1.82277e+06  1.27640e-19  0.00000e+00  0.00000e+00  5.62189e-07
0397  8.37603e+18  2.24753e+03  1.82618e+06  1.26496e-19  0.00000e+00  0.00000e+00  5.59720e-07
0398  8.39445e+18  2.24609e+03  1.82961e+06  1.25368e-19  0.00000e+00  0.00000e+00  5.57267e-07
0399  8.41287e+18  2.24454e+03  1.83304e+06  1.24257e-19  0.00000e+00  0.00000e+00  5.54830e-07
0400  8.43128e+18  2.24289e+03  1.83646e+06  1.23162e-19  0.00000e+00  0.00000e+00  5.52409e-07
0401  8.44970e+18  2.24119e+03  1.83986e+06  1.22081e-19  0.00000e+00  0.00000e+00  5.50003e-07
0402  8.46811e+18  2.23945e+03  1.84324e+06  1.21013e-19  0.00000e+00  0.00000e+00  5.47614e-07
0403  8.48653e+18  2.23768e+03  1.84658e+06  1.20269e-19  0.00000e+00  0.00000e+00  5.45240e-07
0404  8.50494e+18  2.23590e+03  1.84988e+06  1.19230e-19  0.00000e+00  0.00000e+00  5.42881e-07
0405  8.52336e+18  2.23414e+03  1.85314e+06  1.18203e-19  0.00000e+00  0.00000e+00  5.40538e-07
0406  8.54177e+18  2.23241e+03  1.85637e+06  1.17186e-19  0.00000e+00  0.00000e+00  5.38209e-07
0407  8.56019e+18  2.23072e+03  1.85955e+06  1.16180e-19  0.00000e+00  0.00000e+00  5.35896e-07
0408  8.57861e+18  2.22908e+03  1.86269e+06  1.15183e-19  0.00000e+00  0.00000e+00  5.33598e-07
0409  8.59702e+18  2.22748e+03  1.86578e+06  1.14197e-19  0.00000e+00  0.00000e+00  5.31314e-07
0410  8.61544e+18  2.22594e+03  1.86882e+06  1.13219e-19  0.00000e+00  0.00000e+00  5.29045e-07
0411  8.63385e+18  2.22445e+03  1.87181e+06  1.12251e-19  0.00000e+00  0.00000e+00  5.26791e-07
0412  8.65227e+18  2.22304e+03  1.87477e+06  1.11292e-19  0.00000e+00  0.00000e+00  5.24551e-07
0413  8.67068e+18  2.22172e+03  1.87768e+06  1.10340e-19  0.00000e+00  0.00000e+00  5.22325e-07
0414  8.68910e+18  2.22052e+03  1.88056e+06  1.09396e-19  0.00000e+00  0.00000e+00  5.20113e-07
0415  8.70751e+18  2.21944e+03  1.88341e+06  1.08458e-19  0.00000e+00  0.00000e+00  5.17916e-07
0416  8.72593e+18  2.21851e+03  1.88624e+06  1.07526e-19  0.00000e+00  0.00000e+00  5.15732e-07
0417  8.74435e+18  2.21771e+03  1.88908e+06  1.06599e-19  0.00000e+00  0.00000e+00  5.13562e-07
0418  8.76276e+18  2.21704e+03  1.89196e+06  1.05677e-19  0.00000e+00  0.00000e+00  5.11406e-07
0419  8.78118e+18  2.21658e+03  1.89487e+06  1.04759e-19  0.00000e+00  0.00000e+00  5.09263e-07
0420  8.79959e+18  2.21636e+03  1.89780e+06  1.03842e-19  0.00000e+00  0.00000e+00  5.07134e-07
0421  8.81801e+18  2.21642e+03  1.90076e+06  1.02927e-19  0.00000e+00  0.00000e+00  5.05018e-07
0422  8.83642e+18  2.21674e+03  1.90378e+06  1.02013e-19  0.00000e+00  0.00000e+00  5.02915e-07
0423  8.85484e+18  2.21731e+03  1.90689e+06  1.01100e-19  0.00000e+00  0.00000e+00  5.00825e-07
0424  8.87326e+18  2.21814e+03  1.91008e+06  1.00189e-19  0.00000e+00  0.00000e+00  4.98749e-07
0425  8.89167e+18  2.21921e+03  1.91338e+06  9.92786e-20  0.00000e+00  0.00000e+00  4.96685e-07
0426  8.91009e+18  2.22051e+03  1.91676e+06  9.83705e-20  0.00000e+00  0.00000e+00  4.94634e-07
0427  8.92850e+18  2.22202e+03  1.92023e+06  9.74653e-20  0.00000e+00  0.00000e+00  4.92595e-07
0428  8.94692e+18  2.22370e+03  1.92376e+06  9.65645e-20  0.00000e+00  0.00000e+00  4.90570e-07
0429  8.96533e+18  2.22551e+03  1.92732e+06  9.56696e-20  0.00000e+00  0.00000e+00  4.88556e-07
0430  8.98375e+18  2.22740e+03  1.93086e+06  9.47829e-20  0.00000e+00  0.00000e+00  4.86555e-07
0431  9.00216e+18  2.22930e+03  1.93434e+06  9.39067e-20  0.00000e+00  0.00000e+00  4.84567e-07
0432  9.02058e+18  2.23113e+03  1.93770e+06  9.30437e-20  0.00000e+00  0.00000e+00  4.82590e-07
0433  9.03900e+18  2.23283e+03  1.94087e+06  9.21967e-20  0.00000e+00  0.00000e+00  4.80626e-07
0434  9.05741e+18  2.23430e+03  1.94378e+06  9.13686e-20  0.00000e+00  0.00000e+00  4.78674e-07
0435  9.07583e+18  2.23548e+03  1.94637e+06  9.05617e-20  0.00000e+00  0.00000e+00  4.76733e-07
0436  9.09424e+18  2.23629e+03  1.94858e+06  8.97783e-20  0.00000e+00  0.00000e+00  4.74804e-07
0437  9.11266e+18  2.23669e+03  1.95036e+06  8.90198e-20  0.00000e+00  0.00000e+00  4.72887e-07
0438  9.13107e+18  2.23664e+03  1.95168e+06  8.82870e-20  0.00000e+00  0.00000e+00  4.70982e-07
0439  9.14949e+18  2.23613e+03  1.95253e+06  8.75798e-20  0.00000e+00  0.00000e+00  4.69088e-07
0440  9.16790e+18  2.23517e+03  1.95292e+06  8.68971e-20  0.00000e+00  0.00000e+00  4.67205e-07
0441  9.18632e+18  2.23381e+03  1.95288e+06  8.62370e-20  0.00000e+00  0.00000e+00  4.65334e-07
0442  9.20474e+18  2.23209e+03  1.95246e+06  8.55971e-20  0.00000e+00  0.00000e+00  4.63474e-07
0443  9.22315e+18  2.23009e+03  1.95173e+06  8.49743e-20  0.00000e+00  0.00000e+00  4.61625e-07
0444  9.24157e+18  2.22789e+03  1.95075e+06  8.43654e-20  0.00000e+00  0.00000e+00  4.59787e-07
0445  9.25998e+18  2.22557e+03  1.94959e+06  8.37672e-20  0.00000e+00  0.00000e+00  4.57960e-07
0446  9.27840e+18  2.22322e+03  1.94834e+06  8.31767e-20  0.00000e+00  0.00000e+00  4.56144e-07
0447  9.29681e+18  2.22091e+03  1.94705e+06  8.25909e-20  0.00000e+00  0.00000e+00  4.54338e-07
0448  9.31523e+18  2.21871e+03  1.94579e+06  8.20076e-20  0.00000e+00  0.00000e+00  4.52544e-07
0449  9.33364e+18  2.21668e+03  1.94461e+06  8.14249e-20  0.00000e+00  0.00000e+00  4.50760e-07
0450  9.35206e+18  2.21485e+03  1.94354e+06  8.08412e-20  0.00000e+00  0.00000e+00  4.48986e-07
0451  9.37048e+18  2.21325e+03  1.94261e+06  8.02558e-20  0.00000e+00  0.00000e+00  4.47223e-07
0452  9.38889e+18  2.21190e+03  1.94184e+06  7.96683e-20  0.00000e+00  0.00000e+00  4.45470e-07
0453  9.40731e+18  2.21080e+03  1.94123e+06  7.90789e-20  0.00000e+00  0.00000e+00  4.43728e-07
0454  9.42572e+18  2.20992e+03  1.94077e+06  7.84881e-20  0.00000e+00  0.00000e+00  4.41996e-07
0455  9.44414e+18  2.20924e+03  1.94043e+06  7.78969e-20  0.00000e+00  0.00000e+00  4.40274e-07
0456  9.46255e+18  2.20873e+03  1.94019e+06  7.73064e-20  0.00000e+00  0.00000e+00  4.38562e-07
0457  9.48097e+18  2.20834e+03  1.94001e+06  7.67181e-20  0.00000e+00  0.00000e+00  4.36860e-07
0458  9.49939e+18  2.20803e+03  1.93987e+06  7.61333e-20  0.00000e+00  0.00000e+00  4.35168e-07
0459  9.51780e+18  2.20777e+03  1.93972e+06  7.55533e-20  0.00000e+00  0.00000e+00  4.33485e-07
0460  9.53622e+18  2.20750e+03  1.93954e+06  7.49791e-20  0.00000e+00  0.00000e+00  4.31813e-07
0461  9.55463e+18  2.20721e+03  1.93930e+06  7.44118e-20  0.00000e+00  0.00000e+00  4.30150e-07
0462  9.57305e+18  2.20686e+03  1.93898e+06  7.38518e-20  0.00000e+00  0.00000e+00  4.28496e-07
0463  9.59146e+18  2.20645e+03  1.93858e+06  7.32996e-20  0.00000e+00  0.00000e+00  4.26853e-07
0464  9.60988e+18  2.20596e+03  1.93808e+06  7.27552e-20  0.00000e+00  0.00000e+00  4.25218e-07
0465  9.62829e+18  2.20539e+03  1.93749e+06  7.22186e-20  0.00000e+00  0.00000e+00  4.23593e-07
0466  9.64671e+18  2.20475e+03  1.93681e+06  7.16894e-20  0.00000e+00  0.00000e+00  4.21977e-07
0467  9.66513e+18  2.20405e+03  1.93606e+06  7.11672e-20  0.00000e+00  0.00000e+00  4.20371e-07
0468  9.68354e+18  2.20330e+03  1.93524e+06  7.06517e-20  0.00000e+00  0.00000e+00  4.18773e-07
0469  9.70196e+18  2.20251e+03  1.93436e+06  7.01422e-20  0.00000e+00  0.00000e+00  4.17185e-07
0470  9.72037e+18  2.20169e+03  1.93344e+06  6.96384e-20  0.00000e+00  0.00000e+00  4.15606e-07
0471  9.73879e+18  2.20086e+03  1.93249e+06  6.91399e-20  0.00000e+00  0.00000e+00  4.14036e-07
0472  9.75720e+18  2.20003e+03  1.93151e+06  6.86463e-20  0.00000e+00  0.00000e+00  4.12474e-07
0473  9.77562e+18  2.19919e+03  1.93052e+06  6.81574e-20  0.00000e+00  0.00000e+00  4.10922e-07
0474  9.79403e+18  2.19836e+03  1.92951e+06  6.76729e-20  0.00000e+00  0.00000e+00  4.09378e-07
0475  9.81245e+18  2.19754e+03  1.92849e+06  6.71928e-20  0.00000e+00  0.00000e+00  4.07843e-07
0476  9.83087e+18  2.19673e+03  1.92746e+06  6.67169e-20  0.00000e+00  0.00000e+00  4.06316e-07
0477  9.84928e+18  2.19593e+03  1.92643e+06  6.62454e-20  0.00000e+00  0.00000e+00  4.04798e-07
0478  9.86770e+18  2.19513e+03  1.92538e+06  6.57780e-20  0.00000e+00  0.00000e+00  4.03289e-07
0479  9.88611e+18  2.19434e+03  1.92432e+06  6.53149e-20  0.00000e+00  0.00000e+00  4.01788e-07
0480  9.90453e+18  2.19356e+03  1.92325e+06  6.48560e-20  0.00000e+00  0.00000e+00  4.00295e-07
0481  9.92294e+18  2.19277e+03  1.92216e+06  6.44014e-20  0.00000e+00  0.00000e+00  3.98810e-07
0482  9.94136e+18  2.19198e+03  1.92105e+06  6.39510e-20  0.00000e+00  0.00000e+00  3.97334e-07
0483  9.95977e+18  2.19120e+03  1.91993e+06  6.35048e-20  0.00000e+00  0.00000e+00  3.95866e-07
0484  9.97819e+18  2.19041e+03  1.91879e+06  6.30628e-20  0.00000e+00  0.00000e+00  3.94406e-07
0485  9.99661e+18  2.18962e+03  1.91764e+06  6.26249e-20  0.00000e+00  0.00000e+00  3.92955e-07
0486  1.00150e+19  2.18884e+03  1.91646e+06  6.21911e-20  0.00000e+00  0.00000e+00  3.91511e-07
0487  1.00334e+19  2.18805e+03  1.91527e+06  6.17613e-20  0.00000e+00  0.00000e+00  3.90075e-07
0488  1.00519e+19  2.18726e+03  1.91407e+06  6.13355e-20  0.00000e+00  0.00000e+00  3.88647e-07
0489  1.00703e+19  2.18647e+03  1.91285e+06  6.09136e-20  0.00000e+00  0.00000e+00  3.87227e-07
0490  1.00887e+19  2.18568e+03  1.91161e+06  6.04955e-20  0.00000e+00  0.00000e+00  3.85814e-07
0491  1.01071e+19  2.18489e+03  1.91036e+06  6.00813e-20  0.00000e+00  0.00000e+00  3.84410e-07
0492  1.01255e+19  2.18410e+03  1.90909e+06  5.96709e-20  0.00000e+00  0.00000e+00  3.83013e-07
0493  1.01439e+19  2.18330e+03  1.90781e+06  5.92642e-20  0.00000e+00  0.00000e+00  3.81623e-07
0494  1.01623e+19  2.18251e+03  1.90651e+06  5.88613e-20  0.00000e+00  0.00000e+00  3.80242e-07
0495  1.01808e+19  2.18172e+03  1.90520e+06  5.84620e-20  0.00000e+00  0.00000e+00  3.78867e-07
0496  1.01992e+19  2.18092e+03  1.90388e+06  5.80663e-20  0.00000e+00  0.00000e+00  3.77500e-07
0497  1.02176e+19  2.18012e+03  1.90254e+06  5.76743e-20  0.00000e+00  0.00000e+00  3.76141e-07
0498  1.02360e+19  2.17932e+03  1.90119e+06  5.72858e-20  0.00000e+00  0.00000e+00  3.74789e-07
0499  1.02544e+19  2.17851e+03  1.89983e+06  5.69009e-20  0.00000e+00  0.00000e+00  3.73444e-07
0500  1.02728e+19  2.17769e+03  1.89846e+06  5.65195e-20  0.00000e+00  0.00000e+00  3.72106e-07
0501  1.02913e+19  2.17687e+03  1.89707e+06  5.61416e-20  0.00000e+00  0.00000e+00  3.70775e-07
0502  1.03097e+19  2.17604e+03  1.89568e+06  5.57671e-20  0.00000e+00  0.00000e+00  3.69452e-07
0503  1.03281e+19  2.17520e+03  1.89427e+06  5.53962e-20  0.00000e+00  0.00000e+00  3.68136e-07
0504  1.03465e+19  2.17436e+03  1.89286e+06  5.50286e-20  0.00000e+00  0.00000e+00  3.66826e-07
0505  1.03649e+19  2.17350e+03  1.89143e+06  5.46644e-20  0.00000e+00  0.00000e+00  3.65524e-07
0506  1.03833e+19  2.17263e+03  1.88999e+06  5.43036e-20  0.00000e+00  0.00000e+00  3.64229e-07
0507  1.04017e+19  2.17175e+03  1.88854e+06  5.39462e-20  0.00000e+00  0.00000e+00  3.62940e-07
0508  1.04202e+19  2.17085e+03  1.88707e+06  5.35928e-20  0.00000e+00  0.00000e+00  3.61658e-07
0509  1.04386e+19  2.16994e+03  1.88559e+06  5.32441e-20  0.00000e+00  0.00000e+00  3.60383e-07
0510  1.04570e+19  2.16902e+03  1.88410e+06  5.28987e-20  0.00000e+00  0.00000e+00  3.59115e-07
0511  1.04754e+19  2.16809e+03  1.88258e+06  5.25566e-20  0.00000e+00  0.00000e+00  3.57854e-07
0512  1.04938e+19  2.16714e+03  1.88105e+06  5.22178e-20  0.00000e+00  0.00000e+00  3.56599e-07
0513  1.05122e+19  2.16617e+03  1.87950e+06  5.18822e-20  0.00000e+00  0.00000e+00  3.55350e-07
0514  1.05307e+19  2.16519e+03  1.87793e+06  5.15499e-20  0.00000e+00  0.00000e+00  3.54109e-07
0515  1.05491e+19  2.16419e+03  1.87633e+06  5.12208e-20  0.00000e+00  0.00000e+00  3.52873e-07
0516  1.05675e+19  2.16318e+03  1.87471e+06  5.08949e-20  0.00000e+00  0.00000e+00  3.51645e-07
0517  1.05859e+19  2.16215e+03  1.87307e+06  5.05722e-20  0.00000e+00  0.00000e+00  3.50422e-07
0518  1.06043e+19  2.16110e+03  1.87140e+06  5.02526e-20  0.00000e+00  0.00000e+00  3.49206e-07
0519  1.06227e+19  2.16004e+03  1.86971e+06  4.99362e-20  0.00000e+00  0.00000e+00  3.47996e-07
0520  1.06412e+19  2.15895e+03  1.86799e+06  4.96228e-20  0.00000e+00  0.00000e+00  3.46793e-07
0521  1.06596e+19  2.15785e+03  1.86624e+06  4.93126e-20  0.00000e+00  0.00000e+00  3.45596e-07
0522  1.06780e+19  2.15673e+03  1.86447e+06  4.90054e-20  0.00000e+00  0.00000e+00  3.44405e-07
0523  1.06964e+19  2.15559e+03  1.86267e+06  4.87011e-20  0.00000e+00  0.00000e+00  3.43220e-07
0524  1.07148e+19  2.15444e+03  1.86085e+06  4.83998e-20  0.00000e+00  0.00000e+00  3.42041e-07
0525  1.07332e+19  2.15327e+03  1.85901e+06  4.81014e-20  0.00000e+00  0.00000e+00  3.40868e-07
0526  1.07516e+19  2.15208e+03  1.85715e+06  4.78058e-20  0.00000e+00  0.00000e+00  3.39702e-07
0527  1.07701e+19  2.15088e+03  1.85526e+06  4.75130e-20  0.00000e+00  0.00000e+00  3.38541e-07
0528  1.07885e+19  2.14966e+03  1.85336e+06  4.72228e-20  0.00000e+00  0.00000e+00  3.37386e-07
0529  1.08069e+19  2.14844e+03  1.85145e+06  4.69353e-20  0.00000e+00  0.00000e+00  3.36237e-07
0530  1.08253e+19  2.14720e+03  1.84952e+06  4.66503e-20  0.00000e+00  0.00000e+00  3.35094e-07
0531  1.08437e+19  2.14596e+03  1.84759e+06  4.63677e-20  0.00000e+00  0.00000e+00  3.33957e-07
0532  1.08621e+19  2.14472e+03  1.84564e+06  4.60875e-20  0.00000e+00  0.00000e+00  3.32826e-07
0533  1.08806e+19  2.14347e+03  1.84369e+06  4.56847e-20  0.00000e+00  0.00000e+00  3.31700e-07
0534  1.08990e+19  2.14222e+03  1.84173e+06  4.54112e-20  0.00000e+00  0.00000e+00  3.30580e-07
0535  1.09174e+19  2.14098e+03  1.83976e+06  4.51399e-20  0.00000e+00  0.00000e+00  3.29466e-07
0536  1.09358e+19  2.13973e+03  1.83780e+06  4.48707e-20  0.00000e+00  0.00000e+00  3.28357e-07
0537  1.09542e+19  2.13849e+03  1.83583e+06  4.46036e-20  0.00000e+00  0.00000e+00  3.27254e-07
0538  1.09726e+19  2.13725e+03  1.83385e+06  4.43386e-20  0.00000e+00  0.00000e+00  3.26156e-07
0539  1.09910e+19  2.13602e+03  1.83188e+06  4.40757e-20  0.00000e+00  0.00000e+00  3.25064e-07
0540  1.10095e+19  2.13479e+03  1.82991e+06  4.38148e-20  0.00000e+00  0.00000e+00  3.23978e-07
0541  1.10279e+19  2.13356e+03  1.82793e+06  4.35558e-20  0.00000e+00  0.00000e+00  3.22897e-07
0542  1.10463e+19  2.13234e+03  1.82596e+06  4.32988e-20  0.00000e+00  0.00000e+00  3.21821e-07
0543  1.10647e+19  2.13113e+03  1.82398e+06  4.30438e-20  0.00000e+00  0.00000e+00  3.20751e-07
0544  1.10831e+19  2.12992e+03  1.82200e+06  4.27906e-20  0.00000e+00  0.00000e+00  3.19686e-07
0545  1.11015e+19  2.12873e+03  1.82002e+06  4.25393e-20  0.00000e+00  0.00000e+00  3.18626e-07
0546  1.11200e+19  2.12754e+03  1.81805e+06  4.22899e-20  0.00000e+00  0.00000e+00  3.17571e-07
0547  1.11384e+19  2.12636e+03  1.81608e+06  4.20422e-20  0.00000e+00  0.00000e+00  3.16522e-07
0548  1.11568e+19  2.12519e+03  1.81411e+06  4.17963e-20  0.00000e+00  0.00000e+00  3.15478e-07
0549  1.11752e+19  2.12404e+03  1.81215e+06  4.15520e-20  0.00000e+00  0.00000e+00  3.14439e-07
0550  1.11936e+19  2.12290e+03  1.81020e+06  4.13094e-20  0.00000e+00  0.00000e+00  3.13405e-07
0551  1.12120e+19  2.12179e+03  1.80826e+06  4.10682e-20  0.00000e+00  0.00000e+00  3.12377e-07
0552  1.12305e+19  2.12066e+03  1.80634e+06  4.08289e-20  0.00000e+00  0.00000e+00  3.11353e-07
0553  1.12489e+19  2.11973e+03  1.80439e+06  4.05892e-20  0.00000e+00  0.00000e+00  3.10335e-07
0554  1.12673e+19  2.11812e+03  1.80268e+06  4.03581e-20  0.00000e+00  0.00000e+00  3.09321e-07
0555  1.12857e+19  2.12054e+03  1.79978e+06  4.00869e-20  0.00000e+00  0.00000e+00  3.08312e-07
