# Athena++ data at time=1.200000e+13  cycle=804121962  variables=prim 
# i       x1v         rho          press          vel1         vel2         vel3     
0003  1.15716e+18  9.91565e-19  5.45956e-06  2.43594e+05  7.93075e-03  0.00000e+00
0004  1.17558e+18  6.41286e-19  4.33775e-06  3.11370e+05  1.74215e-02  0.00000e+00
0005  1.19399e+18  4.31072e-19  3.63779e-06  4.31074e+05  2.60041e-02  0.00000e+00
0006  1.21241e+18  2.83179e-19  3.17893e-06  6.30627e+05  3.34734e-02  0.00000e+00
0007  1.23082e+18  1.70276e-19  2.89032e-06  9.60056e+05  4.01730e-02  0.00000e+00
0008  1.24924e+18  1.39930e-19  2.63488e-06  1.18967e+06  4.61857e-02  0.00000e+00
0009  1.26765e+18  1.25873e-19  2.48276e-06  1.25753e+06  5.17674e-02  0.00000e+00
0010  1.28607e+18  1.14905e-19  2.34262e-06  1.33326e+06  5.69943e-02  0.00000e+00
0011  1.30448e+18  1.06792e-19  2.21649e-06  1.39560e+06  6.19065e-02  0.00000e+00
0012  1.32290e+18  9.98068e-20  2.10580e-06  1.44948e+06  6.65447e-02  0.00000e+00
0013  1.34131e+18  9.33614e-20  2.00320e-06  1.50695e+06  7.09317e-02  0.00000e+00
0014  1.35973e+18  8.75135e-20  1.90930e-06  1.56415e+06  7.50887e-02  0.00000e+00
0015  1.37814e+18  8.24346e-20  1.82298e-06  1.61716e+06  7.90338e-02  0.00000e+00
0016  1.39656e+18  7.78874e-20  1.74446e-06  1.66616e+06  8.27865e-02  0.00000e+00
0017  1.41497e+18  7.36956e-20  1.67178e-06  1.71497e+06  8.63614e-02  0.00000e+00
0018  1.43339e+18  6.98516e-20  1.60473e-06  1.76261e+06  8.97739e-02  0.00000e+00
0019  1.45180e+18  6.67281e-20  1.54165e-06  1.80138e+06  9.30317e-02  0.00000e+00
0020  1.47022e+18  6.35916e-20  1.48572e-06  1.83968e+06  9.61544e-02  0.00000e+00
0021  1.48863e+18  6.04282e-20  1.43088e-06  1.88849e+06  9.91465e-02  0.00000e+00
0022  1.50705e+18  5.78120e-20  1.37948e-06  1.92879e+06  1.02014e-01  0.00000e+00
0023  1.52546e+18  5.53940e-20  1.33367e-06  1.96277e+06  1.04771e-01  0.00000e+00
0024  1.54388e+18  5.30245e-20  1.28950e-06  2.00186e+06  1.07423e-01  0.00000e+00
0025  1.56229e+18  5.07857e-20  1.24795e-06  2.04132e+06  1.09978e-01  0.00000e+00
0026  1.58071e+18  4.86844e-20  1.20901e-06  2.08011e+06  1.12440e-01  0.00000e+00
0027  1.59912e+18  4.67009e-20  1.17240e-06  2.11878e+06  1.14816e-01  0.00000e+00
0028  1.61754e+18  4.48176e-20  1.13789e-06  2.15780e+06  1.17112e-01  0.00000e+00
0029  1.63595e+18  4.30203e-20  1.10530e-06  2.19756e+06  1.19333e-01  0.00000e+00
0030  1.65437e+18  4.12976e-20  1.07453e-06  2.23831e+06  1.21482e-01  0.00000e+00
0031  1.67278e+18  3.96614e-20  1.04551e-06  2.27920e+06  1.23565e-01  0.00000e+00
0032  1.69120e+18  3.82032e-20  1.01821e-06  2.31567e+06  1.25586e-01  0.00000e+00
0033  1.70961e+18  3.69267e-20  9.93096e-07  2.34445e+06  1.27551e-01  0.00000e+00
0034  1.72803e+18  3.57835e-20  9.69619e-07  2.36822e+06  1.29464e-01  0.00000e+00
0035  1.74644e+18  3.46918e-20  9.47551e-07  2.39105e+06  1.31331e-01  0.00000e+00
0036  1.76486e+18  3.36109e-20  9.26263e-07  2.41657e+06  1.33152e-01  0.00000e+00
0037  1.78328e+18  3.25460e-20  9.05789e-07  2.44437e+06  1.34930e-01  0.00000e+00
0038  1.80169e+18  3.15070e-20  8.86182e-07  2.47368e+06  1.36668e-01  0.00000e+00
0039  1.82011e+18  3.04990e-20  8.67452e-07  2.50404e+06  1.38366e-01  0.00000e+00
0040  1.83852e+18  2.95301e-20  8.49612e-07  2.53492e+06  1.40027e-01  0.00000e+00
0041  1.85694e+18  2.86866e-20  8.32728e-07  2.56247e+06  1.41653e-01  0.00000e+00
0042  1.87535e+18  2.79046e-20  8.16505e-07  2.57532e+06  1.43265e-01  0.00000e+00
0043  1.89377e+18  2.64903e-20  8.03928e-07  2.59909e+06  1.44887e-01  0.00000e+00
0044  1.91218e+18  2.53092e-20  7.92554e-07  2.67271e+06  1.46411e-01  0.00000e+00
0045  1.93060e+18  2.55285e-20  7.73565e-07  2.73855e+06  1.47756e-01  0.00000e+00
0046  1.94901e+18  2.54223e-20  7.57354e-07  2.73183e+06  1.49086e-01  0.00000e+00
0047  1.96743e+18  2.58013e-20  7.43697e-07  2.61594e+06  1.50656e-01  0.00000e+00
0050  1.98584e+18  2.84586e-20  7.46393e-07  2.29182e+06  1.52561e-01  0.00000e+00
0051  2.00426e+18  3.11594e-20  7.62037e-07  1.95100e+06  1.54349e-01  0.00000e+00
0052  2.02267e+18  3.09900e-20  7.52510e-07  1.91284e+06  1.55695e-01  0.00000e+00
0053  2.04109e+18  3.05947e-20  7.40816e-07  1.91649e+06  1.56950e-01  0.00000e+00
0054  2.05951e+18  2.99900e-20  7.26861e-07  1.93858e+06  1.58429e-01  0.00000e+00
0055  2.07792e+18  2.93865e-20  7.13123e-07  1.97503e+06  1.60077e-01  0.00000e+00
0056  2.09634e+18  2.87828e-20  6.99642e-07  2.01366e+06  1.61589e-01  0.00000e+00
0057  2.11475e+18  2.85730e-20  6.90914e-07  2.04102e+06  1.63141e-01  0.00000e+00
0058  2.13317e+18  2.79133e-20  6.76892e-07  2.06879e+06  1.65766e-01  0.00000e+00
0059  2.15158e+18  2.02331e-20  6.28271e-07  2.06327e+06  1.71095e-01  0.00000e+00
0060  2.17000e+18  8.39945e-21  6.82197e-07  2.39644e+06  1.80944e-01  0.00000e+00
0061  2.18841e+18  4.75000e-21  6.38623e-07  3.38274e+06  1.95210e-01  0.00000e+00
0062  2.20683e+18  3.52781e-21  6.39739e-07  3.77331e+06  2.13098e-01  0.00000e+00
0063  2.22524e+18  2.74837e-21  6.39423e-07  4.08032e+06  2.34318e-01  0.00000e+00
0064  2.24366e+18  2.22437e-21  6.35597e-07  4.45380e+06  2.58158e-01  0.00000e+00
0065  2.26207e+18  2.01827e-21  6.32824e-07  4.75012e+06  2.81861e-01  0.00000e+00
0066  2.28049e+18  2.00491e-21  6.32601e-07  4.94981e+06  2.96030e-01  0.00000e+00
0067  2.29891e+18  2.02446e-21  6.32997e-07  5.08973e+06  2.97485e-01  0.00000e+00
0068  2.31732e+18  2.09368e-21  6.30998e-07  5.24425e+06  2.95820e-01  0.00000e+00
0069  2.33574e+18  2.33931e-21  6.21465e-07  5.50642e+06  2.87748e-01  0.00000e+00
0070  2.35415e+18  3.52863e-21  6.12517e-07  5.85728e+06  2.59862e-01  0.00000e+00
0071  2.37257e+18  1.10922e-20  5.82827e-07  5.72802e+06  1.96926e-01  0.00000e+00
0072  2.39098e+18  2.49353e-20  5.76493e-07  4.77250e+06  1.65551e-01  0.00000e+00
0073  2.40940e+18  2.55670e-20  5.78541e-07  4.45785e+06  1.61858e-01  0.00000e+00
0074  2.42781e+18  2.48763e-20  5.65939e-07  4.43095e+06  1.61923e-01  0.00000e+00
0075  2.44623e+18  2.39899e-20  5.51074e-07  4.41007e+06  1.62521e-01  0.00000e+00
0076  2.46464e+18  2.32550e-20  5.37271e-07  4.38918e+06  1.63929e-01  0.00000e+00
0077  2.48306e+18  2.25428e-20  5.23815e-07  4.35774e+06  1.65928e-01  0.00000e+00
0078  2.50147e+18  2.18001e-20  5.11362e-07  4.32830e+06  1.68034e-01  0.00000e+00
0079  2.51989e+18  2.11468e-20  5.00224e-07  4.30396e+06  1.69971e-01  0.00000e+00
0080  2.53831e+18  2.05839e-20  4.88892e-07  4.28038e+06  1.71754e-01  0.00000e+00
0081  2.55672e+18  2.00487e-20  4.78841e-07  4.25722e+06  1.73472e-01  0.00000e+00
0082  2.57514e+18  1.94744e-20  4.68516e-07  4.22572e+06  1.75141e-01  0.00000e+00
0083  2.59355e+18  1.86429e-20  4.55549e-07  4.14593e+06  1.76683e-01  0.00000e+00
0084  2.61197e+18  1.71518e-20  4.36993e-07  3.95022e+06  1.77980e-01  0.00000e+00
0085  2.63038e+18  1.52068e-20  4.18804e-07  3.68295e+06  1.78939e-01  0.00000e+00
0086  2.64880e+18  1.41209e-20  4.09601e-07  3.54999e+06  1.79592e-01  0.00000e+00
0087  2.66721e+18  1.38988e-20  4.03608e-07  3.53787e+06  1.80101e-01  0.00000e+00
0088  2.68563e+18  1.38599e-20  3.98181e-07  3.54128e+06  1.80594e-01  0.00000e+00
0089  2.70404e+18  1.38347e-20  3.93039e-07  3.54598e+06  1.81111e-01  0.00000e+00
0090  2.72246e+18  1.37803e-20  3.88039e-07  3.55111e+06  1.81649e-01  0.00000e+00
0091  2.74088e+18  1.36909e-20  3.83086e-07  3.55861e+06  1.82183e-01  0.00000e+00
0092  2.75929e+18  1.36054e-20  3.78363e-07  3.56974e+06  1.82700e-01  0.00000e+00
0093  2.77771e+18  1.33471e-20  3.73144e-07  3.55245e+06  1.83340e-01  0.00000e+00
0094  2.79612e+18  1.11003e-20  3.67828e-07  3.65711e+06  1.84432e-01  0.00000e+00
0095  2.81454e+18  6.49262e-21  3.68322e-07  4.48574e+06  1.86068e-01  0.00000e+00
0096  2.83295e+18  3.89762e-21  3.30170e-07  6.22989e+06  1.88042e-01  0.00000e+00
0097  2.85137e+18  2.95091e-21  3.13946e-07  7.21226e+06  1.90190e-01  0.00000e+00
0098  2.86978e+18  2.49383e-21  3.03393e-07  7.88921e+06  1.92410e-01  0.00000e+00
0099  2.88820e+18  2.21584e-21  2.95331e-07  8.42722e+06  1.94649e-01  0.00000e+00
0100  2.90661e+18  2.01904e-21  2.88555e-07  8.89230e+06  1.96890e-01  0.00000e+00
0101  2.92503e+18  1.86680e-21  2.82595e-07  9.31092e+06  1.99124e-01  0.00000e+00
0102  2.94345e+18  1.74389e-21  2.77260e-07  9.69101e+06  2.01350e-01  0.00000e+00
0103  2.96186e+18  1.64033e-21  2.72436e-07  1.00419e+07  2.03568e-01  0.00000e+00
0104  2.98028e+18  1.55035e-21  2.67800e-07  1.03748e+07  2.05775e-01  0.00000e+00
0105  2.99869e+18  1.47147e-21  2.63417e-07  1.06856e+07  2.07972e-01  0.00000e+00
0106  3.01711e+18  1.40141e-21  2.59238e-07  1.09772e+07  2.10158e-01  0.00000e+00
0107  3.03552e+18  1.33840e-21  2.55241e-07  1.12541e+07  2.12334e-01  0.00000e+00
0108  3.05394e+18  1.28136e-21  2.51421e-07  1.15197e+07  2.14497e-01  0.00000e+00
0109  3.07235e+18  1.22960e-21  2.47808e-07  1.17754e+07  2.16649e-01  0.00000e+00
0110  3.09077e+18  1.18250e-21  2.44411e-07  1.20224e+07  2.18790e-01  0.00000e+00
0111  3.10918e+18  1.13956e-21  2.41215e-07  1.22612e+07  2.20918e-01  0.00000e+00
0112  3.12760e+18  1.10010e-21  2.38206e-07  1.24921e+07  2.23035e-01  0.00000e+00
0113  3.14602e+18  1.06350e-21  2.35320e-07  1.27170e+07  2.25140e-01  0.00000e+00
0114  3.16443e+18  1.02942e-21  2.32539e-07  1.29352e+07  2.27234e-01  0.00000e+00
0115  3.18285e+18  9.97638e-22  2.29852e-07  1.31457e+07  2.29316e-01  0.00000e+00
0116  3.20126e+18  9.67930e-22  2.27252e-07  1.33478e+07  2.31388e-01  0.00000e+00
0117  3.21968e+18  9.40125e-22  2.24736e-07  1.35412e+07  2.33452e-01  0.00000e+00
0118  3.23809e+18  9.14070e-22  2.22306e-07  1.37259e+07  2.35507e-01  0.00000e+00
0119  3.25651e+18  8.89628e-22  2.19963e-07  1.39023e+07  2.37556e-01  0.00000e+00
0120  3.27492e+18  8.66693e-22  2.17712e-07  1.40712e+07  2.39599e-01  0.00000e+00
0121  3.29334e+18  8.45104e-22  2.15565e-07  1.42335e+07  2.41640e-01  0.00000e+00
0122  3.31176e+18  8.24733e-22  2.13507e-07  1.43911e+07  2.43679e-01  0.00000e+00
0123  3.33017e+18  8.05521e-22  2.11547e-07  1.45439e+07  2.45718e-01  0.00000e+00
0124  3.34859e+18  7.87382e-22  2.09678e-07  1.46922e+07  2.47758e-01  0.00000e+00
0125  3.36700e+18  7.70228e-22  2.07895e-07  1.48360e+07  2.49800e-01  0.00000e+00
0126  3.38542e+18  7.53972e-22  2.06188e-07  1.49748e+07  2.51846e-01  0.00000e+00
0127  3.40383e+18  7.38540e-22  2.04549e-07  1.51082e+07  2.53896e-01  0.00000e+00
0128  3.42225e+18  7.23868e-22  2.02971e-07  1.52357e+07  2.55951e-01  0.00000e+00
0129  3.44066e+18  7.09897e-22  2.01449e-07  1.53569e+07  2.58013e-01  0.00000e+00
0130  3.45908e+18  6.96580e-22  1.99979e-07  1.54717e+07  2.60081e-01  0.00000e+00
0131  3.47749e+18  6.83871e-22  1.98557e-07  1.55803e+07  2.62158e-01  0.00000e+00
0132  3.49591e+18  6.71728e-22  1.97181e-07  1.56831e+07  2.64243e-01  0.00000e+00
0133  3.51433e+18  6.60116e-22  1.95849e-07  1.57805e+07  2.66338e-01  0.00000e+00
0134  3.53274e+18  6.49001e-22  1.94560e-07  1.58733e+07  2.68444e-01  0.00000e+00
0135  3.55116e+18  6.38357e-22  1.93313e-07  1.59622e+07  2.70562e-01  0.00000e+00
0136  3.56957e+18  6.28159e-22  1.92112e-07  1.60478e+07  2.72694e-01  0.00000e+00
0137  3.58799e+18  6.18385e-22  1.90957e-07  1.61303e+07  2.74840e-01  0.00000e+00
0138  3.60640e+18  6.09016e-22  1.89850e-07  1.62101e+07  2.77002e-01  0.00000e+00
0139  3.62482e+18  6.00030e-22  1.88792e-07  1.62871e+07  2.79181e-01  0.00000e+00
0140  3.64323e+18  5.91404e-22  1.87781e-07  1.63609e+07  2.81379e-01  0.00000e+00
0141  3.66165e+18  5.83114e-22  1.86815e-07  1.64313e+07  2.83599e-01  0.00000e+00
0142  3.68007e+18  5.75134e-22  1.85890e-07  1.64980e+07  2.85840e-01  0.00000e+00
0143  3.69848e+18  5.67438e-22  1.84998e-07  1.65609e+07  2.88106e-01  0.00000e+00
0144  3.71690e+18  5.60000e-22  1.84135e-07  1.66199e+07  2.90397e-01  0.00000e+00
0145  3.73531e+18  5.52794e-22  1.83293e-07  1.66752e+07  2.92716e-01  0.00000e+00
0146  3.75373e+18  5.45800e-22  1.82466e-07  1.67271e+07  2.95062e-01  0.00000e+00
0147  3.77214e+18  5.38999e-22  1.81649e-07  1.67761e+07  2.97438e-01  0.00000e+00
0148  3.79056e+18  5.32377e-22  1.80840e-07  1.68226e+07  2.99845e-01  0.00000e+00
0149  3.80897e+18  5.25930e-22  1.80041e-07  1.68670e+07  3.02282e-01  0.00000e+00
0150  3.82739e+18  5.19662e-22  1.79258e-07  1.69092e+07  3.04750e-01  0.00000e+00
0151  3.84581e+18  5.13578e-22  1.78499e-07  1.69491e+07  3.07250e-01  0.00000e+00
0152  3.86422e+18  5.07691e-22  1.77771e-07  1.69865e+07  3.09783e-01  0.00000e+00
0153  3.88264e+18  5.02001e-22  1.77081e-07  1.70214e+07  3.12348e-01  0.00000e+00
0154  3.90105e+18  4.96491e-22  1.76422e-07  1.70545e+07  3.14945e-01  0.00000e+00
0155  3.91947e+18  4.91159e-22  1.75794e-07  1.70857e+07  3.17575e-01  0.00000e+00
0156  3.93788e+18  4.85994e-22  1.75196e-07  1.71151e+07  3.20236e-01  0.00000e+00
0157  3.95630e+18  4.80984e-22  1.74620e-07  1.71429e+07  3.22928e-01  0.00000e+00
0158  3.97471e+18  4.76116e-22  1.74063e-07  1.71691e+07  3.25650e-01  0.00000e+00
0159  3.99313e+18  4.71379e-22  1.73516e-07  1.71937e+07  3.28402e-01  0.00000e+00
0160  4.01155e+18  4.66763e-22  1.72977e-07  1.72168e+07  3.31181e-01  0.00000e+00
0161  4.02996e+18  4.62260e-22  1.72440e-07  1.72383e+07  3.33987e-01  0.00000e+00
0162  4.04838e+18  4.57863e-22  1.71904e-07  1.72581e+07  3.36819e-01  0.00000e+00
0163  4.06679e+18  4.53572e-22  1.71370e-07  1.72762e+07  3.39675e-01  0.00000e+00
0164  4.08521e+18  4.49390e-22  1.70841e-07  1.72924e+07  3.42556e-01  0.00000e+00
0165  4.10362e+18  4.45317e-22  1.70319e-07  1.73067e+07  3.45459e-01  0.00000e+00
0166  4.12204e+18  4.41357e-22  1.69809e-07  1.73190e+07  3.48386e-01  0.00000e+00
0167  4.14045e+18  4.37511e-22  1.69313e-07  1.73295e+07  3.51337e-01  0.00000e+00
0168  4.15887e+18  4.33777e-22  1.68833e-07  1.73384e+07  3.54311e-01  0.00000e+00
0169  4.17728e+18  4.30155e-22  1.68372e-07  1.73460e+07  3.57311e-01  0.00000e+00
0170  4.19570e+18  4.26638e-22  1.67929e-07  1.73526e+07  3.60338e-01  0.00000e+00
0171  4.21412e+18  4.23221e-22  1.67502e-07  1.73585e+07  3.63393e-01  0.00000e+00
0172  4.23253e+18  4.19895e-22  1.67090e-07  1.73640e+07  3.66478e-01  0.00000e+00
0173  4.25095e+18  4.16650e-22  1.66688e-07  1.73694e+07  3.69595e-01  0.00000e+00
0174  4.26936e+18  4.13479e-22  1.66295e-07  1.73745e+07  3.72748e-01  0.00000e+00
0175  4.28778e+18  4.10372e-22  1.65908e-07  1.73794e+07  3.75938e-01  0.00000e+00
0176  4.30619e+18  4.07323e-22  1.65526e-07  1.73838e+07  3.79169e-01  0.00000e+00
0177  4.32461e+18  4.04325e-22  1.65147e-07  1.73875e+07  3.82444e-01  0.00000e+00
0178  4.34302e+18  4.01379e-22  1.64773e-07  1.73903e+07  3.85765e-01  0.00000e+00
0179  4.36144e+18  3.98470e-22  1.64398e-07  1.73916e+07  3.89134e-01  0.00000e+00
0180  4.37986e+18  3.95596e-22  1.64026e-07  1.73910e+07  3.92556e-01  0.00000e+00
0181  4.39827e+18  3.92757e-22  1.63661e-07  1.73890e+07  3.96033e-01  0.00000e+00
0182  4.41669e+18  3.89960e-22  1.63301e-07  1.73855e+07  3.99566e-01  0.00000e+00
0183  4.43510e+18  3.87211e-22  1.62947e-07  1.73806e+07  4.03160e-01  0.00000e+00
0184  4.45352e+18  3.84506e-22  1.62599e-07  1.73745e+07  4.06816e-01  0.00000e+00
0185  4.47193e+18  3.81839e-22  1.62257e-07  1.73675e+07  4.10538e-01  0.00000e+00
0186  4.49035e+18  3.79205e-22  1.61921e-07  1.73600e+07  4.14329e-01  0.00000e+00
0187  4.50876e+18  3.76599e-22  1.61591e-07  1.73524e+07  4.18193e-01  0.00000e+00
0188  4.52718e+18  3.74020e-22  1.61266e-07  1.73450e+07  4.22131e-01  0.00000e+00
0189  4.54560e+18  3.71467e-22  1.60948e-07  1.73379e+07  4.26146e-01  0.00000e+00
0190  4.56401e+18  3.68938e-22  1.60635e-07  1.73312e+07  4.30242e-01  0.00000e+00
0191  4.58243e+18  3.66434e-22  1.60329e-07  1.73248e+07  4.34418e-01  0.00000e+00
0192  4.60084e+18  3.63954e-22  1.60030e-07  1.73186e+07  4.38675e-01  0.00000e+00
0193  4.61926e+18  3.61501e-22  1.59737e-07  1.73123e+07  4.43012e-01  0.00000e+00
0194  4.63767e+18  3.59076e-22  1.59451e-07  1.73056e+07  4.47428e-01  0.00000e+00
0195  4.65609e+18  3.56681e-22  1.59170e-07  1.72983e+07  4.51920e-01  0.00000e+00
0196  4.67450e+18  3.54319e-22  1.58894e-07  1.72901e+07  4.56482e-01  0.00000e+00
0197  4.69292e+18  3.51994e-22  1.58622e-07  1.72810e+07  4.61110e-01  0.00000e+00
0198  4.71134e+18  3.49704e-22  1.58353e-07  1.72708e+07  4.65798e-01  0.00000e+00
0199  4.72975e+18  3.47444e-22  1.58085e-07  1.72596e+07  4.70538e-01  0.00000e+00
0200  4.74817e+18  3.45229e-22  1.57816e-07  1.72474e+07  4.75332e-01  0.00000e+00
0201  4.76658e+18  3.43113e-22  1.57545e-07  1.72345e+07  4.80188e-01  0.00000e+00
0202  4.78500e+18  3.41063e-22  1.57272e-07  1.72210e+07  4.85071e-01  0.00000e+00
0203  4.80341e+18  3.38695e-22  1.56997e-07  1.72072e+07  4.89876e-01  0.00000e+00
0204  4.82183e+18  3.35588e-22  1.56720e-07  1.71932e+07  4.94707e-01  0.00000e+00
0205  4.84024e+18  3.33731e-22  1.56445e-07  1.71793e+07  5.00462e-01  0.00000e+00
0206  4.85866e+18  3.34059e-22  1.56170e-07  1.71660e+07  5.08081e-01  0.00000e+00
0207  4.87708e+18  3.38681e-22  1.55890e-07  1.71532e+07  5.12649e-01  0.00000e+00
0208  4.89549e+18  3.67592e-22  1.55618e-07  1.71429e+07  5.12082e-01  0.00000e+00
0209  4.91391e+18  5.20323e-22  1.55262e-07  1.71363e+07  5.05366e-01  0.00000e+00
0210  4.93232e+18  1.25117e-21  1.54238e-07  1.70732e+07  4.76722e-01  0.00000e+00
0211  4.95074e+18  3.70495e-21  1.38166e-07  1.63512e+07  4.07277e-01  0.00000e+00
0212  4.96915e+18  6.17025e-21  1.41238e-07  1.49824e+07  3.22952e-01  0.00000e+00
0213  4.98757e+18  6.31528e-21  1.39875e-07  1.44291e+07  2.44242e-01  0.00000e+00
0214  5.00598e+18  6.15226e-21  1.36793e-07  1.44199e+07  1.80160e-01  0.00000e+00
0215  5.02440e+18  5.76127e-21  1.31229e-07  1.44848e+07  1.39689e-01  0.00000e+00
0216  5.04282e+18  5.29301e-21  1.24562e-07  1.45941e+07  1.23626e-01  0.00000e+00
0217  5.06123e+18  4.83052e-21  1.18420e-07  1.46864e+07  1.20824e-01  0.00000e+00
0218  5.07965e+18  4.31518e-21  1.12883e-07  1.47653e+07  1.20739e-01  0.00000e+00
0219  5.09806e+18  3.64692e-21  1.09086e-07  1.48958e+07  1.20816e-01  0.00000e+00
0220  5.11648e+18  2.82231e-21  1.05593e-07  1.52414e+07  1.21078e-01  0.00000e+00
0221  5.13489e+18  2.04593e-21  9.94485e-08  1.59479e+07  1.21566e-01  0.00000e+00
0222  5.15331e+18  1.51400e-21  9.24331e-08  1.67938e+07  1.22252e-01  0.00000e+00
0223  5.17172e+18  1.20620e-21  8.73417e-08  1.74928e+07  1.23084e-01  0.00000e+00
0224  5.19014e+18  1.02576e-21  8.38436e-08  1.80276e+07  1.24005e-01  0.00000e+00
0225  5.20856e+18  9.09477e-22  8.10749e-08  1.84658e+07  1.24973e-01  0.00000e+00
0226  5.22697e+18  8.27357e-22  7.86836e-08  1.88457e+07  1.25959e-01  0.00000e+00
0227  5.24539e+18  7.65079e-22  7.65537e-08  1.91842e+07  1.26949e-01  0.00000e+00
0228  5.26380e+18  7.15107e-22  7.46280e-08  1.94934e+07  1.27934e-01  0.00000e+00
0229  5.28222e+18  6.73395e-22  7.28479e-08  1.97819e+07  1.28911e-01  0.00000e+00
0230  5.30063e+18  6.37706e-22  7.11891e-08  2.00531e+07  1.29878e-01  0.00000e+00
0231  5.31905e+18  6.06602e-22  6.96386e-08  2.03095e+07  1.30836e-01  0.00000e+00
0232  5.33746e+18  5.79079e-22  6.81802e-08  2.05536e+07  1.31784e-01  0.00000e+00
0233  5.35588e+18  5.54462e-22  6.68019e-08  2.07868e+07  1.32724e-01  0.00000e+00
0234  5.37430e+18  5.32285e-22  6.54962e-08  2.10103e+07  1.33655e-01  0.00000e+00
0235  5.39271e+18  5.12162e-22  6.42556e-08  2.12244e+07  1.34579e-01  0.00000e+00
0236  5.41113e+18  4.93704e-22  6.30766e-08  2.14309e+07  1.35496e-01  0.00000e+00
0237  5.42954e+18  4.76635e-22  6.19424e-08  2.16321e+07  1.36406e-01  0.00000e+00
0238  5.44796e+18  4.60824e-22  6.08533e-08  2.18276e+07  1.37309e-01  0.00000e+00
0239  5.46637e+18  4.46143e-22  5.98083e-08  2.20172e+07  1.38206e-01  0.00000e+00
0240  5.48479e+18  4.32440e-22  5.88052e-08  2.22016e+07  1.39098e-01  0.00000e+00
0241  5.50320e+18  4.19583e-22  5.78377e-08  2.23816e+07  1.39983e-01  0.00000e+00
0242  5.52162e+18  4.07488e-22  5.69032e-08  2.25577e+07  1.40864e-01  0.00000e+00
0243  5.54004e+18  3.96088e-22  5.60006e-08  2.27299e+07  1.41739e-01  0.00000e+00
0244  5.55845e+18  3.85325e-22  5.51286e-08  2.28982e+07  1.42609e-01  0.00000e+00
0245  5.57687e+18  3.75147e-22  5.42858e-08  2.30626e+07  1.43475e-01  0.00000e+00
0246  5.59528e+18  3.65506e-22  5.34710e-08  2.32234e+07  1.44336e-01  0.00000e+00
0247  5.61370e+18  3.56365e-22  5.26829e-08  2.33804e+07  1.45193e-01  0.00000e+00
0248  5.63211e+18  3.47681e-22  5.19202e-08  2.35339e+07  1.46046e-01  0.00000e+00
0249  5.65053e+18  3.39403e-22  5.11814e-08  2.36843e+07  1.46895e-01  0.00000e+00
0250  5.66894e+18  3.31487e-22  5.04633e-08  2.38321e+07  1.47741e-01  0.00000e+00
0251  5.68736e+18  3.23907e-22  4.97648e-08  2.39775e+07  1.48583e-01  0.00000e+00
0252  5.70578e+18  3.16645e-22  4.90855e-08  2.41205e+07  1.49421e-01  0.00000e+00
0253  5.72419e+18  3.09683e-22  4.84250e-08  2.42610e+07  1.50256e-01  0.00000e+00
0254  5.74261e+18  3.03002e-22  4.77826e-08  2.43991e+07  1.51088e-01  0.00000e+00
0255  5.76102e+18  2.96586e-22  4.71577e-08  2.45348e+07  1.51916e-01  0.00000e+00
0256  5.77944e+18  2.90420e-22  4.65496e-08  2.46681e+07  1.52740e-01  0.00000e+00
0257  5.79785e+18  2.84491e-22  4.59579e-08  2.47991e+07  1.53560e-01  0.00000e+00
0258  5.81627e+18  2.78787e-22  4.53820e-08  2.49277e+07  1.54377e-01  0.00000e+00
0259  5.83468e+18  2.73298e-22  4.48215e-08  2.50540e+07  1.55189e-01  0.00000e+00
0260  5.85310e+18  2.68014e-22  4.42759e-08  2.51779e+07  1.55997e-01  0.00000e+00
0261  5.87152e+18  2.62922e-22  4.37448e-08  2.52995e+07  1.56801e-01  0.00000e+00
0262  5.88993e+18  2.58012e-22  4.32274e-08  2.54190e+07  1.57599e-01  0.00000e+00
0263  5.90835e+18  2.53275e-22  4.27234e-08  2.55363e+07  1.58393e-01  0.00000e+00
0264  5.92676e+18  2.48703e-22  4.22323e-08  2.56514e+07  1.59182e-01  0.00000e+00
0265  5.94518e+18  2.44290e-22  4.17540e-08  2.57644e+07  1.59965e-01  0.00000e+00
0266  5.96359e+18  2.40030e-22  4.12881e-08  2.58752e+07  1.60742e-01  0.00000e+00
0267  5.98201e+18  2.35917e-22  4.08344e-08  2.59837e+07  1.61513e-01  0.00000e+00
0268  6.00043e+18  2.31944e-22  4.03926e-08  2.60902e+07  1.62278e-01  0.00000e+00
0269  6.01884e+18  2.28105e-22  3.99622e-08  2.61944e+07  1.63035e-01  0.00000e+00
0270  6.03726e+18  2.24397e-22  3.95430e-08  2.62965e+07  1.63786e-01  0.00000e+00
0271  6.05567e+18  2.20812e-22  3.91346e-08  2.63964e+07  1.64528e-01  0.00000e+00
0272  6.07409e+18  2.17348e-22  3.87367e-08  2.64943e+07  1.65262e-01  0.00000e+00
0273  6.09250e+18  2.13998e-22  3.83489e-08  2.65901e+07  1.65986e-01  0.00000e+00
0274  6.11092e+18  2.10759e-22  3.79709e-08  2.66838e+07  1.66702e-01  0.00000e+00
0275  6.12933e+18  2.07628e-22  3.76024e-08  2.67756e+07  1.67407e-01  0.00000e+00
0276  6.14775e+18  2.04598e-22  3.72431e-08  2.68653e+07  1.68101e-01  0.00000e+00
0277  6.16617e+18  2.01669e-22  3.68928e-08  2.69531e+07  1.68784e-01  0.00000e+00
0278  6.18458e+18  1.98838e-22  3.65513e-08  2.70389e+07  1.69456e-01  0.00000e+00
0279  6.20300e+18  1.96100e-22  3.62186e-08  2.71227e+07  1.70115e-01  0.00000e+00
0280  6.22141e+18  1.93448e-22  3.58941e-08  2.72047e+07  1.70761e-01  0.00000e+00
0281  6.23983e+18  1.90874e-22  3.55770e-08  2.72851e+07  1.71394e-01  0.00000e+00
0282  6.25824e+18  1.88377e-22  3.52672e-08  2.73640e+07  1.72014e-01  0.00000e+00
0283  6.27666e+18  1.85955e-22  3.49645e-08  2.74413e+07  1.72621e-01  0.00000e+00
0284  6.29507e+18  1.83604e-22  3.46688e-08  2.75171e+07  1.73214e-01  0.00000e+00
0285  6.31349e+18  1.81322e-22  3.43799e-08  2.75914e+07  1.73794e-01  0.00000e+00
0286  6.33191e+18  1.79107e-22  3.40974e-08  2.76642e+07  1.74360e-01  0.00000e+00
0287  6.35032e+18  1.76955e-22  3.38212e-08  2.77356e+07  1.74913e-01  0.00000e+00
0288  6.36874e+18  1.74865e-22  3.35510e-08  2.78056e+07  1.75454e-01  0.00000e+00
0289  6.38715e+18  1.72833e-22  3.32867e-08  2.78741e+07  1.75982e-01  0.00000e+00
0290  6.40557e+18  1.70858e-22  3.30282e-08  2.79413e+07  1.76499e-01  0.00000e+00
0291  6.42398e+18  1.68938e-22  3.27754e-08  2.80070e+07  1.77005e-01  0.00000e+00
0292  6.44240e+18  1.67071e-22  3.25284e-08  2.80713e+07  1.77500e-01  0.00000e+00
0293  6.46081e+18  1.65255e-22  3.22871e-08  2.81340e+07  1.77985e-01  0.00000e+00
0294  6.47923e+18  1.63489e-22  3.20517e-08  2.81953e+07  1.78460e-01  0.00000e+00
0295  6.49765e+18  1.61771e-22  3.18220e-08  2.82549e+07  1.78928e-01  0.00000e+00
0296  6.51606e+18  1.60099e-22  3.15981e-08  2.83129e+07  1.79387e-01  0.00000e+00
0297  6.53448e+18  1.58472e-22  3.13798e-08  2.83694e+07  1.79840e-01  0.00000e+00
0298  6.55289e+18  1.56887e-22  3.11671e-08  2.84242e+07  1.80287e-01  0.00000e+00
0299  6.57131e+18  1.55344e-22  3.09596e-08  2.84776e+07  1.80728e-01  0.00000e+00
0300  6.58972e+18  1.53839e-22  3.07573e-08  2.85294e+07  1.81164e-01  0.00000e+00
0301  6.60814e+18  1.52371e-22  3.05599e-08  2.85797e+07  1.81597e-01  0.00000e+00
0302  6.62655e+18  1.50939e-22  3.03673e-08  2.86286e+07  1.82026e-01  0.00000e+00
0303  6.64497e+18  1.49541e-22  3.01792e-08  2.86761e+07  1.82453e-01  0.00000e+00
0304  6.66339e+18  1.48175e-22  2.99957e-08  2.87222e+07  1.82878e-01  0.00000e+00
0305  6.68180e+18  1.46841e-22  2.98165e-08  2.87669e+07  1.83302e-01  0.00000e+00
0306  6.70022e+18  1.45537e-22  2.96418e-08  2.88102e+07  1.83725e-01  0.00000e+00
0307  6.71863e+18  1.44263e-22  2.94713e-08  2.88521e+07  1.84149e-01  0.00000e+00
0308  6.73705e+18  1.43017e-22  2.93050e-08  2.88927e+07  1.84573e-01  0.00000e+00
0309  6.75546e+18  1.41798e-22  2.91428e-08  2.89319e+07  1.84998e-01  0.00000e+00
0310  6.77388e+18  1.40605e-22  2.89843e-08  2.89698e+07  1.85424e-01  0.00000e+00
0311  6.79229e+18  1.39437e-22  2.88294e-08  2.90065e+07  1.85852e-01  0.00000e+00
0312  6.81071e+18  1.38292e-22  2.86778e-08  2.90421e+07  1.86281e-01  0.00000e+00
0313  6.82913e+18  1.37169e-22  2.85293e-08  2.90767e+07  1.86713e-01  0.00000e+00
0314  6.84754e+18  1.36068e-22  2.83837e-08  2.91103e+07  1.87148e-01  0.00000e+00
0315  6.86596e+18  1.34987e-22  2.82409e-08  2.91429e+07  1.87584e-01  0.00000e+00
0316  6.88437e+18  1.33927e-22  2.81008e-08  2.91745e+07  1.88023e-01  0.00000e+00
0317  6.90279e+18  1.32887e-22  2.79635e-08  2.92052e+07  1.88465e-01  0.00000e+00
0318  6.92120e+18  1.31868e-22  2.78291e-08  2.92348e+07  1.88908e-01  0.00000e+00
0319  6.93962e+18  1.30868e-22  2.76975e-08  2.92634e+07  1.89355e-01  0.00000e+00
0320  6.95803e+18  1.29888e-22  2.75690e-08  2.92909e+07  1.89803e-01  0.00000e+00
0321  6.97645e+18  1.28927e-22  2.74432e-08  2.93173e+07  1.90254e-01  0.00000e+00
0322  6.99487e+18  1.27985e-22  2.73203e-08  2.93427e+07  1.90707e-01  0.00000e+00
0323  7.01328e+18  1.27062e-22  2.72001e-08  2.93670e+07  1.91162e-01  0.00000e+00
0324  7.03170e+18  1.26156e-22  2.70823e-08  2.93905e+07  1.91619e-01  0.00000e+00
0325  7.05011e+18  1.25267e-22  2.69668e-08  2.94130e+07  1.92078e-01  0.00000e+00
0326  7.06853e+18  1.24395e-22  2.68535e-08  2.94347e+07  1.92539e-01  0.00000e+00
0327  7.08694e+18  1.23538e-22  2.67423e-08  2.94556e+07  1.93001e-01  0.00000e+00
0328  7.10536e+18  1.22697e-22  2.66330e-08  2.94758e+07  1.93464e-01  0.00000e+00
0329  7.12378e+18  1.21870e-22  2.65256e-08  2.94952e+07  1.93929e-01  0.00000e+00
0330  7.14219e+18  1.21058e-22  2.64200e-08  2.95140e+07  1.94395e-01  0.00000e+00
0331  7.16061e+18  1.20259e-22  2.63161e-08  2.95320e+07  1.94862e-01  0.00000e+00
0332  7.17902e+18  1.19475e-22  2.62140e-08  2.95493e+07  1.95330e-01  0.00000e+00
0333  7.19744e+18  1.18705e-22  2.61137e-08  2.95660e+07  1.95800e-01  0.00000e+00
0334  7.21585e+18  1.17948e-22  2.60149e-08  2.95820e+07  1.96270e-01  0.00000e+00
0335  7.23427e+18  1.17204e-22  2.59178e-08  2.95974e+07  1.96740e-01  0.00000e+00
0336  7.25268e+18  1.16473e-22  2.58224e-08  2.96120e+07  1.97212e-01  0.00000e+00
0337  7.27110e+18  1.15755e-22  2.57285e-08  2.96261e+07  1.97684e-01  0.00000e+00
0338  7.28952e+18  1.15050e-22  2.56362e-08  2.96395e+07  1.98157e-01  0.00000e+00
0339  7.30793e+18  1.14356e-22  2.55454e-08  2.96522e+07  1.98631e-01  0.00000e+00
0340  7.32635e+18  1.13675e-22  2.54561e-08  2.96643e+07  1.99106e-01  0.00000e+00
0341  7.34476e+18  1.13005e-22  2.53683e-08  2.96759e+07  1.99581e-01  0.00000e+00
0342  7.36318e+18  1.12346e-22  2.52818e-08  2.96868e+07  2.00057e-01  0.00000e+00
0343  7.38159e+18  1.11698e-22  2.51965e-08  2.96972e+07  2.00535e-01  0.00000e+00
0344  7.40001e+18  1.11060e-22  2.51125e-08  2.97072e+07  2.01013e-01  0.00000e+00
0345  7.41842e+18  1.10432e-22  2.50295e-08  2.97166e+07  2.01492e-01  0.00000e+00
0346  7.43684e+18  1.09814e-22  2.49476e-08  2.97257e+07  2.01973e-01  0.00000e+00
0347  7.45526e+18  1.09205e-22  2.48667e-08  2.97343e+07  2.02455e-01  0.00000e+00
0348  7.47367e+18  1.08605e-22  2.47869e-08  2.97424e+07  2.02939e-01  0.00000e+00
0349  7.49209e+18  1.08013e-22  2.47080e-08  2.97502e+07  2.03424e-01  0.00000e+00
0350  7.51050e+18  1.07431e-22  2.46303e-08  2.97575e+07  2.03911e-01  0.00000e+00
0351  7.52892e+18  1.06858e-22  2.45536e-08  2.97643e+07  2.04400e-01  0.00000e+00
0352  7.54733e+18  1.06293e-22  2.44780e-08  2.97706e+07  2.04891e-01  0.00000e+00
0353  7.56575e+18  1.05736e-22  2.44034e-08  2.97765e+07  2.05384e-01  0.00000e+00
0354  7.58416e+18  1.05187e-22  2.43299e-08  2.97819e+07  2.05879e-01  0.00000e+00
0355  7.60258e+18  1.04647e-22  2.42574e-08  2.97870e+07  2.06377e-01  0.00000e+00
0356  7.62100e+18  1.04113e-22  2.41857e-08  2.97916e+07  2.06878e-01  0.00000e+00
0357  7.63941e+18  1.03587e-22  2.41149e-08  2.97959e+07  2.07381e-01  0.00000e+00
0358  7.65783e+18  1.03068e-22  2.40448e-08  2.97999e+07  2.07886e-01  0.00000e+00
0359  7.67624e+18  1.02555e-22  2.39753e-08  2.98036e+07  2.08395e-01  0.00000e+00
0360  7.69466e+18  1.02048e-22  2.39066e-08  2.98070e+07  2.08906e-01  0.00000e+00
0361  7.71307e+18  1.01548e-22  2.38385e-08  2.98102e+07  2.09421e-01  0.00000e+00
0362  7.73149e+18  1.01054e-22  2.37711e-08  2.98131e+07  2.09939e-01  0.00000e+00
0363  7.74990e+18  1.00566e-22  2.37044e-08  2.98156e+07  2.10460e-01  0.00000e+00
0364  7.76832e+18  1.00085e-22  2.36386e-08  2.98178e+07  2.10984e-01  0.00000e+00
0365  7.78674e+18  9.96101e-23  2.35737e-08  2.98196e+07  2.11512e-01  0.00000e+00
0366  7.80515e+18  9.91418e-23  2.35099e-08  2.98209e+07  2.12044e-01  0.00000e+00
0367  7.82357e+18  9.86797e-23  2.34470e-08  2.98217e+07  2.12580e-01  0.00000e+00
0368  7.84198e+18  9.82239e-23  2.33851e-08  2.98223e+07  2.13119e-01  0.00000e+00
0369  7.86040e+18  9.77733e-23  2.33238e-08  2.98224e+07  2.13663e-01  0.00000e+00
0370  7.87881e+18  9.73279e-23  2.32632e-08  2.98222e+07  2.14211e-01  0.00000e+00
0371  7.89723e+18  9.68884e-23  2.32035e-08  2.98217e+07  2.14764e-01  0.00000e+00
0372  7.91564e+18  9.64545e-23  2.31447e-08  2.98208e+07  2.15321e-01  0.00000e+00
0373  7.93406e+18  9.60256e-23  2.30866e-08  2.98196e+07  2.15882e-01  0.00000e+00
0374  7.95248e+18  9.56017e-23  2.30292e-08  2.98181e+07  2.16448e-01  0.00000e+00
0375  7.97089e+18  9.51826e-23  2.29725e-08  2.98163e+07  2.17019e-01  0.00000e+00
0376  7.98931e+18  9.47684e-23  2.29165e-08  2.98142e+07  2.17595e-01  0.00000e+00
0377  8.00772e+18  9.43591e-23  2.28613e-08  2.98118e+07  2.18176e-01  0.00000e+00
0378  8.02614e+18  9.39549e-23  2.28068e-08  2.98090e+07  2.18761e-01  0.00000e+00
0379  8.04455e+18  9.35556e-23  2.27532e-08  2.98059e+07  2.19352e-01  0.00000e+00
0380  8.06297e+18  9.31612e-23  2.27003e-08  2.98024e+07  2.19947e-01  0.00000e+00
0381  8.08139e+18  9.27713e-23  2.26481e-08  2.97986e+07  2.20547e-01  0.00000e+00
0382  8.09980e+18  9.23853e-23  2.25963e-08  2.97947e+07  2.21151e-01  0.00000e+00
0383  8.11822e+18  9.20025e-23  2.25446e-08  2.97908e+07  2.21761e-01  0.00000e+00
0384  8.13663e+18  9.16220e-23  2.24928e-08  2.97871e+07  2.22375e-01  0.00000e+00
0385  8.15505e+18  9.12434e-23  2.24405e-08  2.97837e+07  2.22994e-01  0.00000e+00
0386  8.17346e+18  9.08660e-23  2.23876e-08  2.97808e+07  2.23617e-01  0.00000e+00
0387  8.19188e+18  9.04901e-23  2.23342e-08  2.97782e+07  2.24245e-01  0.00000e+00
0388  8.21029e+18  9.01157e-23  2.22804e-08  2.97758e+07  2.24877e-01  0.00000e+00
0389  8.22871e+18  8.97434e-23  2.22266e-08  2.97736e+07  2.25514e-01  0.00000e+00
0390  8.24713e+18  8.93735e-23  2.21731e-08  2.97714e+07  2.26155e-01  0.00000e+00
0391  8.26554e+18  8.90067e-23  2.21203e-08  2.97689e+07  2.26802e-01  0.00000e+00
0392  8.28396e+18  8.86436e-23  2.20684e-08  2.97659e+07  2.27453e-01  0.00000e+00
0393  8.30237e+18  8.82850e-23  2.20180e-08  2.97622e+07  2.28110e-01  0.00000e+00
0394  8.32079e+18  8.79318e-23  2.19693e-08  2.97578e+07  2.28772e-01  0.00000e+00
0395  8.33920e+18  8.75849e-23  2.19226e-08  2.97523e+07  2.29439e-01  0.00000e+00
0396  8.35762e+18  8.72451e-23  2.18780e-08  2.97457e+07  2.30111e-01  0.00000e+00
0397  8.37603e+18  8.69126e-23  2.18353e-08  2.97382e+07  2.30788e-01  0.00000e+00
0398  8.39445e+18  8.65871e-23  2.17944e-08  2.97297e+07  2.31469e-01  0.00000e+00
0399  8.41287e+18  8.62681e-23  2.17549e-08  2.97207e+07  2.32156e-01  0.00000e+00
0400  8.43128e+18  8.59546e-23  2.17163e-08  2.97111e+07  2.32847e-01  0.00000e+00
0401  8.44970e+18  8.56453e-23  2.16782e-08  2.97014e+07  2.33543e-01  0.00000e+00
0402  8.46811e+18  8.53396e-23  2.16405e-08  2.96916e+07  2.34243e-01  0.00000e+00
0403  8.48653e+18  8.50368e-23  2.16028e-08  2.96821e+07  2.34949e-01  0.00000e+00
0404  8.50494e+18  8.47362e-23  2.15649e-08  2.96727e+07  2.35660e-01  0.00000e+00
0405  8.52336e+18  8.44370e-23  2.15266e-08  2.96637e+07  2.36376e-01  0.00000e+00
0406  8.54177e+18  8.41385e-23  2.14878e-08  2.96552e+07  2.37098e-01  0.00000e+00
0407  8.56019e+18  8.38403e-23  2.14484e-08  2.96472e+07  2.37825e-01  0.00000e+00
0408  8.57861e+18  8.35423e-23  2.14082e-08  2.96397e+07  2.38558e-01  0.00000e+00
0409  8.59702e+18  8.32444e-23  2.13672e-08  2.96329e+07  2.39296e-01  0.00000e+00
0410  8.61544e+18  8.29464e-23  2.13254e-08  2.96267e+07  2.40042e-01  0.00000e+00
0411  8.63385e+18  8.26480e-23  2.12828e-08  2.96211e+07  2.40795e-01  0.00000e+00
0412  8.65227e+18  8.23488e-23  2.12392e-08  2.96163e+07  2.41556e-01  0.00000e+00
0413  8.67068e+18  8.20481e-23  2.11946e-08  2.96122e+07  2.42327e-01  0.00000e+00
0414  8.68910e+18  8.17450e-23  2.11486e-08  2.96091e+07  2.43109e-01  0.00000e+00
0415  8.70751e+18  8.14393e-23  2.11015e-08  2.96070e+07  2.43904e-01  0.00000e+00
0416  8.72593e+18  8.11298e-23  2.10529e-08  2.96056e+07  2.44715e-01  0.00000e+00
0417  8.74435e+18  8.08175e-23  2.10034e-08  2.96053e+07  2.45543e-01  0.00000e+00
0418  8.76276e+18  8.05024e-23  2.09535e-08  2.96056e+07  2.46392e-01  0.00000e+00
0419  8.78118e+18  8.01819e-23  2.09021e-08  2.96067e+07  2.47263e-01  0.00000e+00
0420  8.79959e+18  7.98544e-23  2.08489e-08  2.96091e+07  2.48160e-01  0.00000e+00
0421  8.81801e+18  7.95192e-23  2.07938e-08  2.96128e+07  2.49085e-01  0.00000e+00
0422  8.83642e+18  7.91768e-23  2.07372e-08  2.96177e+07  2.50039e-01  0.00000e+00
0423  8.85484e+18  7.88274e-23  2.06793e-08  2.96237e+07  2.51025e-01  0.00000e+00
0424  8.87326e+18  7.84712e-23  2.06204e-08  2.96305e+07  2.52043e-01  0.00000e+00
0425  8.89167e+18  7.81088e-23  2.05605e-08  2.96381e+07  2.53094e-01  0.00000e+00
0426  8.91009e+18  7.77407e-23  2.04999e-08  2.96465e+07  2.54175e-01  0.00000e+00
0427  8.92850e+18  7.73679e-23  2.04385e-08  2.96557e+07  2.55284e-01  0.00000e+00
0428  8.94692e+18  7.69914e-23  2.03764e-08  2.96655e+07  2.56416e-01  0.00000e+00
0429  8.96533e+18  7.66130e-23  2.03137e-08  2.96760e+07  2.57566e-01  0.00000e+00
0430  8.98375e+18  7.62346e-23  2.02506e-08  2.96870e+07  2.58726e-01  0.00000e+00
0431  9.00216e+18  7.58583e-23  2.01870e-08  2.96987e+07  2.59887e-01  0.00000e+00
0432  9.02058e+18  7.54868e-23  2.01229e-08  2.97108e+07  2.61037e-01  0.00000e+00
0433  9.03900e+18  7.51225e-23  2.00586e-08  2.97235e+07  2.62164e-01  0.00000e+00
0434  9.05741e+18  7.47680e-23  1.99939e-08  2.97367e+07  2.63257e-01  0.00000e+00
0435  9.07583e+18  7.44256e-23  1.99288e-08  2.97504e+07  2.64303e-01  0.00000e+00
0436  9.09424e+18  7.40975e-23  1.98635e-08  2.97645e+07  2.65291e-01  0.00000e+00
0437  9.11266e+18  7.37852e-23  1.97978e-08  2.97792e+07  2.66212e-01  0.00000e+00
0438  9.13107e+18  7.34895e-23  1.97319e-08  2.97943e+07  2.67059e-01  0.00000e+00
0439  9.14949e+18  7.32107e-23  1.96656e-08  2.98099e+07  2.67829e-01  0.00000e+00
0440  9.16790e+18  7.29481e-23  1.95989e-08  2.98260e+07  2.68523e-01  0.00000e+00
0441  9.18632e+18  7.27004e-23  1.95320e-08  2.98426e+07  2.69146e-01  0.00000e+00
0442  9.20474e+18  7.24655e-23  1.94648e-08  2.98597e+07  2.69707e-01  0.00000e+00
0443  9.22315e+18  7.22412e-23  1.93972e-08  2.98772e+07  2.70216e-01  0.00000e+00
0444  9.24157e+18  7.20246e-23  1.93293e-08  2.98952e+07  2.70686e-01  0.00000e+00
0445  9.25998e+18  7.18131e-23  1.92611e-08  2.99137e+07  2.71129e-01  0.00000e+00
0446  9.27840e+18  7.16039e-23  1.91927e-08  2.99327e+07  2.71559e-01  0.00000e+00
0447  9.29681e+18  7.13946e-23  1.91239e-08  2.99521e+07  2.71985e-01  0.00000e+00
0448  9.31523e+18  7.11831e-23  1.90549e-08  2.99719e+07  2.72420e-01  0.00000e+00
0449  9.33364e+18  7.09676e-23  1.89857e-08  2.99922e+07  2.72871e-01  0.00000e+00
0450  9.35206e+18  7.07467e-23  1.89162e-08  3.00128e+07  2.73346e-01  0.00000e+00
0451  9.37048e+18  7.05197e-23  1.88465e-08  3.00339e+07  2.73848e-01  0.00000e+00
0452  9.38889e+18  7.02863e-23  1.87767e-08  3.00554e+07  2.74383e-01  0.00000e+00
0453  9.40731e+18  7.00464e-23  1.87067e-08  3.00772e+07  2.74950e-01  0.00000e+00
0454  9.42572e+18  6.98007e-23  1.86366e-08  3.00994e+07  2.75548e-01  0.00000e+00
0455  9.44414e+18  6.95501e-23  1.85665e-08  3.01219e+07  2.76176e-01  0.00000e+00
0456  9.46255e+18  6.92957e-23  1.84963e-08  3.01447e+07  2.76828e-01  0.00000e+00
0457  9.48097e+18  6.90389e-23  1.84260e-08  3.01678e+07  2.77499e-01  0.00000e+00
0458  9.49939e+18  6.87810e-23  1.83558e-08  3.01911e+07  2.78184e-01  0.00000e+00
0459  9.51780e+18  6.85233e-23  1.82857e-08  3.02146e+07  2.78876e-01  0.00000e+00
0460  9.53622e+18  6.82671e-23  1.82156e-08  3.02384e+07  2.79570e-01  0.00000e+00
0461  9.55463e+18  6.80133e-23  1.81457e-08  3.02624e+07  2.80260e-01  0.00000e+00
0462  9.57305e+18  6.77625e-23  1.80758e-08  3.02865e+07  2.80944e-01  0.00000e+00
0463  9.59146e+18  6.75152e-23  1.80061e-08  3.03108e+07  2.81618e-01  0.00000e+00
0464  9.60988e+18  6.72717e-23  1.79365e-08  3.03352e+07  2.82281e-01  0.00000e+00
0465  9.62829e+18  6.70318e-23  1.78671e-08  3.03598e+07  2.82933e-01  0.00000e+00
0466  9.64671e+18  6.67955e-23  1.77979e-08  3.03844e+07  2.83574e-01  0.00000e+00
0467  9.66513e+18  6.65624e-23  1.77289e-08  3.04092e+07  2.84206e-01  0.00000e+00
0468  9.68354e+18  6.63321e-23  1.76600e-08  3.04341e+07  2.84830e-01  0.00000e+00
0469  9.70196e+18  6.61042e-23  1.75914e-08  3.04591e+07  2.85448e-01  0.00000e+00
0470  9.72037e+18  6.58783e-23  1.75230e-08  3.04841e+07  2.86063e-01  0.00000e+00
0471  9.73879e+18  6.56542e-23  1.74547e-08  3.05093e+07  2.86675e-01  0.00000e+00
0472  9.75720e+18  6.54314e-23  1.73867e-08  3.05345e+07  2.87286e-01  0.00000e+00
0473  9.77562e+18  6.52099e-23  1.73189e-08  3.05598e+07  2.87899e-01  0.00000e+00
0474  9.79403e+18  6.49893e-23  1.72514e-08  3.05851e+07  2.88513e-01  0.00000e+00
0475  9.81245e+18  6.47698e-23  1.71840e-08  3.06105e+07  2.89129e-01  0.00000e+00
0476  9.83087e+18  6.45512e-23  1.71169e-08  3.06359e+07  2.89747e-01  0.00000e+00
0477  9.84928e+18  6.43335e-23  1.70500e-08  3.06614e+07  2.90368e-01  0.00000e+00
0478  9.86770e+18  6.41169e-23  1.69833e-08  3.06869e+07  2.90991e-01  0.00000e+00
0479  9.88611e+18  6.39012e-23  1.69169e-08  3.07124e+07  2.91616e-01  0.00000e+00
0480  9.90453e+18  6.36867e-23  1.68507e-08  3.07380e+07  2.92243e-01  0.00000e+00
0481  9.92294e+18  6.34733e-23  1.67847e-08  3.07637e+07  2.92872e-01  0.00000e+00
0482  9.94136e+18  6.32610e-23  1.67190e-08  3.07893e+07  2.93502e-01  0.00000e+00
0483  9.95977e+18  6.30499e-23  1.66535e-08  3.08150e+07  2.94133e-01  0.00000e+00
0484  9.97819e+18  6.28399e-23  1.65882e-08  3.08407e+07  2.94765e-01  0.00000e+00
0485  9.99661e+18  6.26311e-23  1.65231e-08  3.08665e+07  2.95399e-01  0.00000e+00
0486  1.00150e+19  6.24235e-23  1.64582e-08  3.08922e+07  2.96034e-01  0.00000e+00
0487  1.00334e+19  6.22170e-23  1.63936e-08  3.09180e+07  2.96670e-01  0.00000e+00
0488  1.00519e+19  6.20116e-23  1.63292e-08  3.09438e+07  2.97307e-01  0.00000e+00
0489  1.00703e+19  6.18073e-23  1.62650e-08  3.09697e+07  2.97946e-01  0.00000e+00
0490  1.00887e+19  6.16041e-23  1.62010e-08  3.09955e+07  2.98586e-01  0.00000e+00
0491  1.01071e+19  6.14020e-23  1.61373e-08  3.10213e+07  2.99227e-01  0.00000e+00
0492  1.01255e+19  6.12011e-23  1.60738e-08  3.10472e+07  2.99870e-01  0.00000e+00
0493  1.01439e+19  6.10012e-23  1.60106e-08  3.10731e+07  3.00515e-01  0.00000e+00
0494  1.01623e+19  6.08024e-23  1.59475e-08  3.10989e+07  3.01162e-01  0.00000e+00
0495  1.01808e+19  6.06047e-23  1.58848e-08  3.11248e+07  3.01810e-01  0.00000e+00
0496  1.01992e+19  6.04081e-23  1.58222e-08  3.11506e+07  3.02459e-01  0.00000e+00
0497  1.02176e+19  6.02126e-23  1.57600e-08  3.11764e+07  3.03110e-01  0.00000e+00
0498  1.02360e+19  6.00183e-23  1.56980e-08  3.12022e+07  3.03763e-01  0.00000e+00
0499  1.02544e+19  5.98251e-23  1.56362e-08  3.12279e+07  3.04418e-01  0.00000e+00
0500  1.02728e+19  5.96331e-23  1.55748e-08  3.12537e+07  3.05074e-01  0.00000e+00
0501  1.02913e+19  5.94423e-23  1.55137e-08  3.12793e+07  3.05731e-01  0.00000e+00
0502  1.03097e+19  5.92527e-23  1.54528e-08  3.13049e+07  3.06390e-01  0.00000e+00
0503  1.03281e+19  5.90643e-23  1.53922e-08  3.13305e+07  3.07050e-01  0.00000e+00
0504  1.03465e+19  5.88772e-23  1.53320e-08  3.13560e+07  3.07712e-01  0.00000e+00
0505  1.03649e+19  5.86913e-23  1.52721e-08  3.13814e+07  3.08375e-01  0.00000e+00
0506  1.03833e+19  5.85067e-23  1.52125e-08  3.14067e+07  3.09039e-01  0.00000e+00
0507  1.04017e+19  5.83234e-23  1.51531e-08  3.14320e+07  3.09704e-01  0.00000e+00
0508  1.04202e+19  5.81414e-23  1.50941e-08  3.14572e+07  3.10370e-01  0.00000e+00
0509  1.04386e+19  5.79607e-23  1.50354e-08  3.14824e+07  3.11036e-01  0.00000e+00
0510  1.04570e+19  5.77813e-23  1.49770e-08  3.15075e+07  3.11702e-01  0.00000e+00
0511  1.04754e+19  5.76031e-23  1.49188e-08  3.15326e+07  3.12369e-01  0.00000e+00
0512  1.04938e+19  5.74263e-23  1.48609e-08  3.15576e+07  3.13035e-01  0.00000e+00
0513  1.05122e+19  5.72508e-23  1.48033e-08  3.15826e+07  3.13701e-01  0.00000e+00
0514  1.05307e+19  5.70766e-23  1.47459e-08  3.16076e+07  3.14366e-01  0.00000e+00
0515  1.05491e+19  5.69036e-23  1.46887e-08  3.16326e+07  3.15030e-01  0.00000e+00
0516  1.05675e+19  5.67321e-23  1.46318e-08  3.16575e+07  3.15693e-01  0.00000e+00
0517  1.05859e+19  5.65618e-23  1.45751e-08  3.16825e+07  3.16354e-01  0.00000e+00
0518  1.06043e+19  5.63928e-23  1.45186e-08  3.17075e+07  3.17015e-01  0.00000e+00
0519  1.06227e+19  5.62252e-23  1.44623e-08  3.17324e+07  3.17673e-01  0.00000e+00
0520  1.06412e+19  5.60588e-23  1.44063e-08  3.17574e+07  3.18331e-01  0.00000e+00
0521  1.06596e+19  5.58938e-23  1.43505e-08  3.17824e+07  3.18987e-01  0.00000e+00
0522  1.06780e+19  5.57301e-23  1.42949e-08  3.18073e+07  3.19642e-01  0.00000e+00
0523  1.06964e+19  5.55677e-23  1.42395e-08  3.18323e+07  3.20295e-01  0.00000e+00
0524  1.07148e+19  5.54066e-23  1.41843e-08  3.18573e+07  3.20948e-01  0.00000e+00
0525  1.07332e+19  5.52467e-23  1.41294e-08  3.18822e+07  3.21601e-01  0.00000e+00
0526  1.07516e+19  5.50880e-23  1.40746e-08  3.19072e+07  3.22253e-01  0.00000e+00
0527  1.07701e+19  5.49305e-23  1.40202e-08  3.19321e+07  3.22906e-01  0.00000e+00
0528  1.07885e+19  5.47740e-23  1.39659e-08  3.19570e+07  3.23559e-01  0.00000e+00
0529  1.08069e+19  5.46186e-23  1.39119e-08  3.19819e+07  3.24214e-01  0.00000e+00
0530  1.08253e+19  5.44642e-23  1.38582e-08  3.20068e+07  3.24870e-01  0.00000e+00
0531  1.08437e+19  5.43108e-23  1.38046e-08  3.20317e+07  3.25528e-01  0.00000e+00
0532  1.08621e+19  5.41582e-23  1.37513e-08  3.20565e+07  3.26189e-01  0.00000e+00
0533  1.08806e+19  5.40064e-23  1.36983e-08  3.20813e+07  3.26852e-01  0.00000e+00
0534  1.08990e+19  5.38554e-23  1.36455e-08  3.21061e+07  3.27519e-01  0.00000e+00
0535  1.09174e+19  5.37051e-23  1.35929e-08  3.21309e+07  3.28189e-01  0.00000e+00
0536  1.09358e+19  5.35556e-23  1.35405e-08  3.21557e+07  3.28863e-01  0.00000e+00
0537  1.09542e+19  5.34066e-23  1.34884e-08  3.21804e+07  3.29541e-01  0.00000e+00
0538  1.09726e+19  5.32584e-23  1.34365e-08  3.22051e+07  3.30223e-01  0.00000e+00
0539  1.09910e+19  5.31108e-23  1.33849e-08  3.22299e+07  3.30909e-01  0.00000e+00
0540  1.10095e+19  5.29637e-23  1.33334e-08  3.22546e+07  3.31600e-01  0.00000e+00
0541  1.10279e+19  5.28173e-23  1.32822e-08  3.22793e+07  3.32295e-01  0.00000e+00
0542  1.10463e+19  5.26714e-23  1.32312e-08  3.23040e+07  3.32996e-01  0.00000e+00
0543  1.10647e+19  5.25261e-23  1.31804e-08  3.23287e+07  3.33701e-01  0.00000e+00
0544  1.10831e+19  5.23813e-23  1.31298e-08  3.23534e+07  3.34411e-01  0.00000e+00
0545  1.11015e+19  5.22371e-23  1.30795e-08  3.23781e+07  3.35127e-01  0.00000e+00
0546  1.11200e+19  5.20933e-23  1.30293e-08  3.24028e+07  3.35849e-01  0.00000e+00
0547  1.11384e+19  5.19499e-23  1.29794e-08  3.24275e+07  3.36576e-01  0.00000e+00
0548  1.11568e+19  5.18070e-23  1.29296e-08  3.24522e+07  3.37310e-01  0.00000e+00
0549  1.11752e+19  5.16644e-23  1.28801e-08  3.24769e+07  3.38052e-01  0.00000e+00
0550  1.11936e+19  5.15222e-23  1.28308e-08  3.25016e+07  3.38800e-01  0.00000e+00
0551  1.12120e+19  5.13800e-23  1.27817e-08  3.25263e+07  3.39558e-01  0.00000e+00
0552  1.12305e+19  5.12389e-23  1.27331e-08  3.25508e+07  3.40319e-01  0.00000e+00
0553  1.12489e+19  5.10937e-23  1.26833e-08  3.25761e+07  3.41112e-01  0.00000e+00
0554  1.12673e+19  5.09655e-23  1.26395e-08  3.25984e+07  3.41822e-01  0.00000e+00
0555  1.12857e+19  5.07414e-23  1.25637e-08  3.26371e+07  3.43083e-01  0.00000e+00
